Latitude	Longitude	Probability (%)
		
38	-137	0
38.2	-137	0
38.4	-137	0
38.6	-137	0
38.8	-137	0
39	-137	0
39.2	-137	0
39.4	-137	0
39.6	-137	0
39.8	-137	0
40	-137	0
40.2	-137	0
40.4	-137	0
40.6	-137	0
40.8	-137	0
41	-137	0
41.2	-137	0
41.4	-137	0
41.6	-137	0
41.8	-137	0
42	-137	0
42.2	-137	0
42.4	-137	0
42.6	-137	0
42.8	-137	0
43	-137	0
43.2	-137	0
43.4	-137	0
43.6	-137	0
43.8	-137	0
44	-137	0
44.2	-137	0
44.4	-137	0
44.6	-137	0
44.8	-137	0
45	-137	0
45.2	-137	0
45.4	-137	0
45.6	-137	0
45.8	-137	0
46	-137	0
46.2	-137	0
46.4	-137	0
46.6	-137	0
46.8	-137	0
47	-137	0
47.2	-137	0
47.4	-137	0
47.6	-137	0
47.8	-137	0
48	-137	0
48.2	-137	0
48.4	-137	0
48.6	-137	0
48.8	-137	0
49	-137	0
49.2	-137	0
49.4	-137	0
49.6	-137	0
49.8	-137	0
50	-137	0
50.2	-137	0
50.4	-137	0
50.6	-137	0
50.8	-137	0
38	-136.8	0
38.2	-136.8	0
38.4	-136.8	0
38.6	-136.8	0
38.8	-136.8	0
39	-136.8	0
39.2	-136.8	0
39.4	-136.8	0
39.6	-136.8	0
39.8	-136.8	0
40	-136.8	0
40.2	-136.8	0
40.4	-136.8	0
40.6	-136.8	0
40.8	-136.8	0
41	-136.8	0
41.2	-136.8	0
41.4	-136.8	0
41.6	-136.8	0
41.8	-136.8	0
42	-136.8	0
42.2	-136.8	0
42.4	-136.8	0
42.6	-136.8	0
42.8	-136.8	0
43	-136.8	0
43.2	-136.8	0
43.4	-136.8	0
43.6	-136.8	0
43.8	-136.8	0
44	-136.8	0
44.2	-136.8	0
44.4	-136.8	0
44.6	-136.8	0
44.8	-136.8	0
45	-136.8	0
45.2	-136.8	0
45.4	-136.8	0
45.6	-136.8	0
45.8	-136.8	0
46	-136.8	0
46.2	-136.8	0
46.4	-136.8	0
46.6	-136.8	0
46.8	-136.8	0
47	-136.8	0
47.2	-136.8	0
47.4	-136.8	0
47.6	-136.8	0
47.8	-136.8	0
48	-136.8	0
48.2	-136.8	0
48.4	-136.8	0
48.6	-136.8	0
48.8	-136.8	0
49	-136.8	0
49.2	-136.8	0
49.4	-136.8	0
49.6	-136.8	0
49.8	-136.8	0
50	-136.8	0
50.2	-136.8	0
50.4	-136.8	0
50.6	-136.8	0
50.8	-136.8	0
38	-136.6	0
38.2	-136.6	0
38.4	-136.6	0
38.6	-136.6	0
38.8	-136.6	0
39	-136.6	0
39.2	-136.6	0
39.4	-136.6	0
39.6	-136.6	0
39.8	-136.6	0
40	-136.6	0
40.2	-136.6	0
40.4	-136.6	0
40.6	-136.6	0
40.8	-136.6	0
41	-136.6	0
41.2	-136.6	0
41.4	-136.6	0
41.6	-136.6	0
41.8	-136.6	0
42	-136.6	0
42.2	-136.6	0
42.4	-136.6	0
42.6	-136.6	0
42.8	-136.6	0
43	-136.6	0
43.2	-136.6	0
43.4	-136.6	0
43.6	-136.6	0
43.8	-136.6	0
44	-136.6	0
44.2	-136.6	0
44.4	-136.6	0
44.6	-136.6	0
44.8	-136.6	0
45	-136.6	0
45.2	-136.6	0
45.4	-136.6	0
45.6	-136.6	0
45.8	-136.6	0
46	-136.6	0
46.2	-136.6	0
46.4	-136.6	0
46.6	-136.6	0
46.8	-136.6	0
47	-136.6	0
47.2	-136.6	0
47.4	-136.6	0
47.6	-136.6	0
47.8	-136.6	0
48	-136.6	0
48.2	-136.6	0
48.4	-136.6	0
48.6	-136.6	0
48.8	-136.6	0
49	-136.6	0
49.2	-136.6	0
49.4	-136.6	0
49.6	-136.6	0
49.8	-136.6	0
50	-136.6	0
50.2	-136.6	0
50.4	-136.6	0
50.6	-136.6	0
50.8	-136.6	0
38	-136.4	0
38.2	-136.4	0
38.4	-136.4	0
38.6	-136.4	0
38.8	-136.4	0
39	-136.4	0
39.2	-136.4	0
39.4	-136.4	0
39.6	-136.4	0
39.8	-136.4	0
40	-136.4	0
40.2	-136.4	0
40.4	-136.4	0
40.6	-136.4	0
40.8	-136.4	0
41	-136.4	0
41.2	-136.4	0
41.4	-136.4	0
41.6	-136.4	0
41.8	-136.4	0
42	-136.4	0
42.2	-136.4	0
42.4	-136.4	0
42.6	-136.4	0
42.8	-136.4	0
43	-136.4	0
43.2	-136.4	0
43.4	-136.4	0
43.6	-136.4	0
43.8	-136.4	0
44	-136.4	0
44.2	-136.4	0
44.4	-136.4	0
44.6	-136.4	0
44.8	-136.4	0
45	-136.4	0
45.2	-136.4	0
45.4	-136.4	0
45.6	-136.4	0
45.8	-136.4	0
46	-136.4	0
46.2	-136.4	0
46.4	-136.4	0
46.6	-136.4	0
46.8	-136.4	0
47	-136.4	0
47.2	-136.4	0
47.4	-136.4	0
47.6	-136.4	0
47.8	-136.4	0
48	-136.4	0
48.2	-136.4	0
48.4	-136.4	0
48.6	-136.4	0
48.8	-136.4	0
49	-136.4	0
49.2	-136.4	0
49.4	-136.4	0
49.6	-136.4	0
49.8	-136.4	0
50	-136.4	0
50.2	-136.4	0
50.4	-136.4	0
50.6	-136.4	0
50.8	-136.4	0
38	-136.2	0
38.2	-136.2	0
38.4	-136.2	0
38.6	-136.2	0
38.8	-136.2	0
39	-136.2	0
39.2	-136.2	0
39.4	-136.2	0
39.6	-136.2	0
39.8	-136.2	0
40	-136.2	0
40.2	-136.2	0
40.4	-136.2	0
40.6	-136.2	0
40.8	-136.2	0
41	-136.2	0
41.2	-136.2	0
41.4	-136.2	0
41.6	-136.2	0
41.8	-136.2	0
42	-136.2	0
42.2	-136.2	0
42.4	-136.2	0
42.6	-136.2	0
42.8	-136.2	0
43	-136.2	0
43.2	-136.2	0
43.4	-136.2	0
43.6	-136.2	0
43.8	-136.2	0
44	-136.2	0
44.2	-136.2	0
44.4	-136.2	0
44.6	-136.2	0
44.8	-136.2	0
45	-136.2	0
45.2	-136.2	0
45.4	-136.2	0
45.6	-136.2	0
45.8	-136.2	0
46	-136.2	0
46.2	-136.2	0
46.4	-136.2	0
46.6	-136.2	0
46.8	-136.2	0
47	-136.2	0
47.2	-136.2	0
47.4	-136.2	0
47.6	-136.2	0
47.8	-136.2	0
48	-136.2	0
48.2	-136.2	0
48.4	-136.2	0
48.6	-136.2	0
48.8	-136.2	0
49	-136.2	0
49.2	-136.2	0
49.4	-136.2	0
49.6	-136.2	0
49.8	-136.2	0
50	-136.2	0
50.2	-136.2	0
50.4	-136.2	0
50.6	-136.2	0
50.8	-136.2	0
38	-136	0
38.2	-136	0
38.4	-136	0
38.6	-136	0
38.8	-136	0
39	-136	0
39.2	-136	0
39.4	-136	0
39.6	-136	0
39.8	-136	0
40	-136	0
40.2	-136	0
40.4	-136	0
40.6	-136	0
40.8	-136	0
41	-136	0
41.2	-136	0
41.4	-136	0
41.6	-136	0
41.8	-136	0
42	-136	0
42.2	-136	0
42.4	-136	0
42.6	-136	0
42.8	-136	0
43	-136	0
43.2	-136	0
43.4	-136	0
43.6	-136	0
43.8	-136	0
44	-136	0
44.2	-136	0
44.4	-136	0
44.6	-136	0
44.8	-136	0
45	-136	0
45.2	-136	0
45.4	-136	0
45.6	-136	0
45.8	-136	0
46	-136	0
46.2	-136	0
46.4	-136	0
46.6	-136	0
46.8	-136	0
47	-136	0
47.2	-136	0
47.4	-136	0
47.6	-136	0
47.8	-136	0
48	-136	0
48.2	-136	0
48.4	-136	0
48.6	-136	0
48.8	-136	0
49	-136	0
49.2	-136	0
49.4	-136	0
49.6	-136	0
49.8	-136	0
50	-136	0
50.2	-136	0
50.4	-136	0
50.6	-136	0
50.8	-136	0
38	-135.8	0
38.2	-135.8	0
38.4	-135.8	0
38.6	-135.8	0
38.8	-135.8	0
39	-135.8	0
39.2	-135.8	0
39.4	-135.8	0
39.6	-135.8	0
39.8	-135.8	0
40	-135.8	0
40.2	-135.8	0
40.4	-135.8	0
40.6	-135.8	0
40.8	-135.8	0
41	-135.8	0
41.2	-135.8	0
41.4	-135.8	0
41.6	-135.8	0
41.8	-135.8	0
42	-135.8	0
42.2	-135.8	0
42.4	-135.8	0
42.6	-135.8	0
42.8	-135.8	0
43	-135.8	0
43.2	-135.8	0
43.4	-135.8	0
43.6	-135.8	0
43.8	-135.8	0
44	-135.8	0
44.2	-135.8	0
44.4	-135.8	0
44.6	-135.8	0
44.8	-135.8	0
45	-135.8	0
45.2	-135.8	0
45.4	-135.8	0
45.6	-135.8	0
45.8	-135.8	0
46	-135.8	0
46.2	-135.8	0
46.4	-135.8	0
46.6	-135.8	0
46.8	-135.8	0
47	-135.8	0
47.2	-135.8	0
47.4	-135.8	0
47.6	-135.8	0
47.8	-135.8	0
48	-135.8	0
48.2	-135.8	0
48.4	-135.8	0
48.6	-135.8	0
48.8	-135.8	0
49	-135.8	0
49.2	-135.8	0
49.4	-135.8	0
49.6	-135.8	0
49.8	-135.8	0
50	-135.8	0
50.2	-135.8	0
50.4	-135.8	0
50.6	-135.8	0
50.8	-135.8	0
38	-135.6	0
38.2	-135.6	0
38.4	-135.6	0
38.6	-135.6	0
38.8	-135.6	0
39	-135.6	0
39.2	-135.6	0
39.4	-135.6	0
39.6	-135.6	0
39.8	-135.6	0
40	-135.6	0
40.2	-135.6	0
40.4	-135.6	0
40.6	-135.6	0
40.8	-135.6	0
41	-135.6	0
41.2	-135.6	0
41.4	-135.6	0
41.6	-135.6	0
41.8	-135.6	0
42	-135.6	0
42.2	-135.6	0
42.4	-135.6	0
42.6	-135.6	0
42.8	-135.6	0
43	-135.6	0
43.2	-135.6	0
43.4	-135.6	0
43.6	-135.6	0
43.8	-135.6	0
44	-135.6	0
44.2	-135.6	0
44.4	-135.6	0
44.6	-135.6	0
44.8	-135.6	0
45	-135.6	0
45.2	-135.6	0
45.4	-135.6	0
45.6	-135.6	0
45.8	-135.6	0
46	-135.6	0
46.2	-135.6	0
46.4	-135.6	0
46.6	-135.6	0
46.8	-135.6	0
47	-135.6	0
47.2	-135.6	0
47.4	-135.6	0
47.6	-135.6	0
47.8	-135.6	0
48	-135.6	0
48.2	-135.6	0
48.4	-135.6	0
48.6	-135.6	0
48.8	-135.6	0
49	-135.6	0
49.2	-135.6	0
49.4	-135.6	0
49.6	-135.6	0
49.8	-135.6	0
50	-135.6	0
50.2	-135.6	0
50.4	-135.6	0
50.6	-135.6	0
50.8	-135.6	0
38	-135.4	0
38.2	-135.4	0
38.4	-135.4	0
38.6	-135.4	0
38.8	-135.4	0
39	-135.4	0
39.2	-135.4	0
39.4	-135.4	0
39.6	-135.4	0
39.8	-135.4	0
40	-135.4	0
40.2	-135.4	0
40.4	-135.4	0
40.6	-135.4	0
40.8	-135.4	0
41	-135.4	0
41.2	-135.4	0
41.4	-135.4	0
41.6	-135.4	0
41.8	-135.4	0
42	-135.4	0
42.2	-135.4	0
42.4	-135.4	0
42.6	-135.4	0
42.8	-135.4	0
43	-135.4	0
43.2	-135.4	0
43.4	-135.4	0
43.6	-135.4	0
43.8	-135.4	0
44	-135.4	0
44.2	-135.4	0
44.4	-135.4	0
44.6	-135.4	0
44.8	-135.4	0
45	-135.4	0
45.2	-135.4	0
45.4	-135.4	0
45.6	-135.4	0
45.8	-135.4	0
46	-135.4	0
46.2	-135.4	0
46.4	-135.4	0
46.6	-135.4	0
46.8	-135.4	0
47	-135.4	0
47.2	-135.4	0
47.4	-135.4	0
47.6	-135.4	0
47.8	-135.4	0
48	-135.4	0
48.2	-135.4	0
48.4	-135.4	0
48.6	-135.4	0
48.8	-135.4	0
49	-135.4	0
49.2	-135.4	0
49.4	-135.4	0
49.6	-135.4	0
49.8	-135.4	0
50	-135.4	0
50.2	-135.4	0
50.4	-135.4	0
50.6	-135.4	0
50.8	-135.4	0
38	-135.2	0
38.2	-135.2	0
38.4	-135.2	0
38.6	-135.2	0
38.8	-135.2	0
39	-135.2	0
39.2	-135.2	0
39.4	-135.2	0
39.6	-135.2	0
39.8	-135.2	0
40	-135.2	0
40.2	-135.2	0
40.4	-135.2	0
40.6	-135.2	0
40.8	-135.2	0
41	-135.2	0
41.2	-135.2	0
41.4	-135.2	0
41.6	-135.2	0
41.8	-135.2	0
42	-135.2	0
42.2	-135.2	0
42.4	-135.2	0
42.6	-135.2	0
42.8	-135.2	0
43	-135.2	0
43.2	-135.2	0
43.4	-135.2	0
43.6	-135.2	0
43.8	-135.2	0
44	-135.2	0
44.2	-135.2	0
44.4	-135.2	0
44.6	-135.2	0
44.8	-135.2	0
45	-135.2	0
45.2	-135.2	0
45.4	-135.2	0
45.6	-135.2	0
45.8	-135.2	0
46	-135.2	0
46.2	-135.2	0
46.4	-135.2	0
46.6	-135.2	0
46.8	-135.2	0
47	-135.2	0
47.2	-135.2	0
47.4	-135.2	0
47.6	-135.2	0
47.8	-135.2	0
48	-135.2	0
48.2	-135.2	0
48.4	-135.2	0
48.6	-135.2	0
48.8	-135.2	0
49	-135.2	0
49.2	-135.2	0
49.4	-135.2	0
49.6	-135.2	0
49.8	-135.2	0
50	-135.2	0
50.2	-135.2	0
50.4	-135.2	0
50.6	-135.2	0
50.8	-135.2	0
38	-135	0
38.2	-135	0
38.4	-135	0
38.6	-135	0
38.8	-135	0
39	-135	0
39.2	-135	0
39.4	-135	0
39.6	-135	0
39.8	-135	0
40	-135	0
40.2	-135	3.77
40.4	-135	7.42
40.6	-135	6.91
40.8	-135	0.57
41	-135	0
41.2	-135	0
41.4	-135	0
41.6	-135	0
41.8	-135	0
42	-135	0
42.2	-135	0
42.4	-135	0
42.6	-135	0
42.8	-135	0
43	-135	0
43.2	-135	0
43.4	-135	0
43.6	-135	0
43.8	-135	0
44	-135	0
44.2	-135	0
44.4	-135	0
44.6	-135	0
44.8	-135	0
45	-135	0
45.2	-135	0
45.4	-135	0
45.6	-135	0
45.8	-135	0
46	-135	0
46.2	-135	0
46.4	-135	0
46.6	-135	0
46.8	-135	0
47	-135	0
47.2	-135	0
47.4	-135	0
47.6	-135	0
47.8	-135	0
48	-135	0
48.2	-135	0
48.4	-135	0
48.6	-135	0
48.8	-135	0
49	-135	0
49.2	-135	0
49.4	-135	0
49.6	-135	0
49.8	-135	0
50	-135	0
50.2	-135	0
50.4	-135	0
50.6	-135	0
50.8	-135	0
38	-134.8	0
38.2	-134.8	0
38.4	-134.8	0
38.6	-134.8	0
38.8	-134.8	0
39	-134.8	0
39.2	-134.8	0
39.4	-134.8	0
39.6	-134.8	0
39.8	-134.8	0
40	-134.8	0
40.2	-134.8	7.4
40.4	-134.8	14.28
40.6	-134.8	13.33
40.8	-134.8	1.14
41	-134.8	0
41.2	-134.8	0
41.4	-134.8	0
41.6	-134.8	0
41.8	-134.8	0
42	-134.8	0
42.2	-134.8	0
42.4	-134.8	0
42.6	-134.8	0
42.8	-134.8	0
43	-134.8	0
43.2	-134.8	0
43.4	-134.8	0
43.6	-134.8	0
43.8	-134.8	0
44	-134.8	0
44.2	-134.8	0
44.4	-134.8	0
44.6	-134.8	0
44.8	-134.8	0
45	-134.8	0
45.2	-134.8	0
45.4	-134.8	0
45.6	-134.8	0
45.8	-134.8	0
46	-134.8	0
46.2	-134.8	0
46.4	-134.8	0
46.6	-134.8	0
46.8	-134.8	0
47	-134.8	0
47.2	-134.8	0
47.4	-134.8	0
47.6	-134.8	0
47.8	-134.8	0
48	-134.8	0
48.2	-134.8	0
48.4	-134.8	0
48.6	-134.8	0
48.8	-134.8	0
49	-134.8	0
49.2	-134.8	0
49.4	-134.8	0
49.6	-134.8	0
49.8	-134.8	0
50	-134.8	0
50.2	-134.8	0
50.4	-134.8	0
50.6	-134.8	0
50.8	-134.8	0
38	-134.6	0
38.2	-134.6	0
38.4	-134.6	0
38.6	-134.6	0
38.8	-134.6	0
39	-134.6	0
39.2	-134.6	0
39.4	-134.6	0
39.6	-134.6	0
39.8	-134.6	0
40	-134.6	0
40.2	-134.6	6.27
40.4	-134.6	12.17
40.6	-134.6	11.19
40.8	-134.6	1.12
41	-134.6	0
41.2	-134.6	0
41.4	-134.6	0
41.6	-134.6	0
41.8	-134.6	0
42	-134.6	0
42.2	-134.6	0
42.4	-134.6	0
42.6	-134.6	0
42.8	-134.6	0
43	-134.6	0
43.2	-134.6	0
43.4	-134.6	0
43.6	-134.6	0
43.8	-134.6	0
44	-134.6	0
44.2	-134.6	0
44.4	-134.6	0
44.6	-134.6	0
44.8	-134.6	0
45	-134.6	0
45.2	-134.6	0
45.4	-134.6	0
45.6	-134.6	0
45.8	-134.6	0
46	-134.6	0
46.2	-134.6	0
46.4	-134.6	0
46.6	-134.6	0
46.8	-134.6	0
47	-134.6	0
47.2	-134.6	0
47.4	-134.6	0
47.6	-134.6	0
47.8	-134.6	0
48	-134.6	0
48.2	-134.6	0
48.4	-134.6	0
48.6	-134.6	0
48.8	-134.6	0
49	-134.6	0
49.2	-134.6	0
49.4	-134.6	0
49.6	-134.6	0
49.8	-134.6	0
50	-134.6	0
50.2	-134.6	0
50.4	-134.6	0
50.6	-134.6	0.04
50.8	-134.6	1.84
38	-134.4	1.9
38.2	-134.4	0
38.4	-134.4	0
38.6	-134.4	0
38.8	-134.4	0
39	-134.4	0
39.2	-134.4	0
39.4	-134.4	0
39.6	-134.4	0
39.8	-134.4	0
40	-134.4	0
40.2	-134.4	1.2
40.4	-134.4	2.41
40.6	-134.4	2.41
40.8	-134.4	0.02
41	-134.4	0
41.2	-134.4	0
41.4	-134.4	0
41.6	-134.4	0
41.8	-134.4	0
42	-134.4	0
42.2	-134.4	0
42.4	-134.4	0
42.6	-134.4	0
42.8	-134.4	0
43	-134.4	0
43.2	-134.4	0
43.4	-134.4	0
43.6	-134.4	0
43.8	-134.4	0
44	-134.4	0
44.2	-134.4	0
44.4	-134.4	0
44.6	-134.4	0
44.8	-134.4	0
45	-134.4	0
45.2	-134.4	0
45.4	-134.4	0
45.6	-134.4	0
45.8	-134.4	0
46	-134.4	0
46.2	-134.4	0
46.4	-134.4	0
46.6	-134.4	0
46.8	-134.4	0
47	-134.4	0
47.2	-134.4	0
47.4	-134.4	0
47.6	-134.4	0
47.8	-134.4	0
48	-134.4	0
48.2	-134.4	0
48.4	-134.4	0
48.6	-134.4	0
48.8	-134.4	0
49	-134.4	0
49.2	-134.4	0
49.4	-134.4	0
49.6	-134.4	0
49.8	-134.4	0
50	-134.4	0
50.2	-134.4	0
50.4	-134.4	0
50.6	-134.4	0.62
50.8	-134.4	6.29
38	-134.2	6.89
38.2	-134.2	0
38.4	-134.2	0
38.6	-134.2	0
38.8	-134.2	0
39	-134.2	0
39.2	-134.2	0
39.4	-134.2	0
39.6	-134.2	0
39.8	-134.2	0
40	-134.2	0
40.2	-134.2	0
40.4	-134.2	0
40.6	-134.2	0
40.8	-134.2	0
41	-134.2	0
41.2	-134.2	0
41.4	-134.2	0
41.6	-134.2	0
41.8	-134.2	0
42	-134.2	0
42.2	-134.2	0
42.4	-134.2	0
42.6	-134.2	0
42.8	-134.2	0
43	-134.2	0
43.2	-134.2	0
43.4	-134.2	0
43.6	-134.2	0
43.8	-134.2	0
44	-134.2	0
44.2	-134.2	0
44.4	-134.2	0
44.6	-134.2	0
44.8	-134.2	0
45	-134.2	0
45.2	-134.2	0
45.4	-134.2	0
45.6	-134.2	0
45.8	-134.2	0
46	-134.2	0
46.2	-134.2	0
46.4	-134.2	0
46.6	-134.2	0
46.8	-134.2	0
47	-134.2	0
47.2	-134.2	0
47.4	-134.2	0
47.6	-134.2	0
47.8	-134.2	0
48	-134.2	0
48.2	-134.2	0
48.4	-134.2	0
48.6	-134.2	0
48.8	-134.2	0
49	-134.2	0
49.2	-134.2	0
49.4	-134.2	0
49.6	-134.2	0
49.8	-134.2	0
50	-134.2	0
50.2	-134.2	0
50.4	-134.2	0
50.6	-134.2	0.66
50.8	-134.2	7.95
38	-134	8.59
38.2	-134	0
38.4	-134	0
38.6	-134	0
38.8	-134	0
39	-134	0
39.2	-134	0
39.4	-134	0
39.6	-134	0
39.8	-134	0
40	-134	0
40.2	-134	0
40.4	-134	0
40.6	-134	0
40.8	-134	0
41	-134	0
41.2	-134	0
41.4	-134	0
41.6	-134	0
41.8	-134	0
42	-134	0
42.2	-134	0
42.4	-134	0
42.6	-134	0
42.8	-134	0
43	-134	0
43.2	-134	0
43.4	-134	0
43.6	-134	0
43.8	-134	0
44	-134	0
44.2	-134	0
44.4	-134	0
44.6	-134	0
44.8	-134	0
45	-134	0
45.2	-134	0
45.4	-134	0
45.6	-134	0
45.8	-134	0
46	-134	0
46.2	-134	0
46.4	-134	0
46.6	-134	0
46.8	-134	0
47	-134	0
47.2	-134	0
47.4	-134	0
47.6	-134	0
47.8	-134	0
48	-134	0
48.2	-134	0
48.4	-134	0
48.6	-134	0
48.8	-134	0
49	-134	0
49.2	-134	0
49.4	-134	0
49.6	-134	0
49.8	-134	0
50	-134	0
50.2	-134	0
50.4	-134	0
50.6	-134	0.33
50.8	-134	4.09
38	-133.8	4.43
38.2	-133.8	0
38.4	-133.8	0
38.6	-133.8	0
38.8	-133.8	0
39	-133.8	0
39.2	-133.8	0
39.4	-133.8	0
39.6	-133.8	0
39.8	-133.8	0
40	-133.8	0
40.2	-133.8	0
40.4	-133.8	0
40.6	-133.8	0
40.8	-133.8	0
41	-133.8	0
41.2	-133.8	0
41.4	-133.8	0
41.6	-133.8	0
41.8	-133.8	0
42	-133.8	0
42.2	-133.8	0
42.4	-133.8	0
42.6	-133.8	0
42.8	-133.8	0
43	-133.8	0
43.2	-133.8	0
43.4	-133.8	0
43.6	-133.8	0
43.8	-133.8	0
44	-133.8	0
44.2	-133.8	0
44.4	-133.8	0
44.6	-133.8	0
44.8	-133.8	0
45	-133.8	0
45.2	-133.8	0
45.4	-133.8	0
45.6	-133.8	0
45.8	-133.8	0
46	-133.8	0
46.2	-133.8	0
46.4	-133.8	0
46.6	-133.8	0
46.8	-133.8	0
47	-133.8	0
47.2	-133.8	0
47.4	-133.8	0
47.6	-133.8	0
47.8	-133.8	0
48	-133.8	0
48.2	-133.8	0
48.4	-133.8	0
48.6	-133.8	0
48.8	-133.8	0
49	-133.8	0
49.2	-133.8	0
49.4	-133.8	0
49.6	-133.8	0
49.8	-133.8	0
50	-133.8	0
50.2	-133.8	0
50.4	-133.8	0
50.6	-133.8	0
50.8	-133.8	0.07
38	-133.6	0.08
38.2	-133.6	0
38.4	-133.6	0
38.6	-133.6	0
38.8	-133.6	0
39	-133.6	0
39.2	-133.6	0
39.4	-133.6	0
39.6	-133.6	0
39.8	-133.6	0
40	-133.6	0
40.2	-133.6	0
40.4	-133.6	0
40.6	-133.6	0
40.8	-133.6	0
41	-133.6	0
41.2	-133.6	0
41.4	-133.6	0
41.6	-133.6	0
41.8	-133.6	0
42	-133.6	0
42.2	-133.6	0
42.4	-133.6	0
42.6	-133.6	0
42.8	-133.6	0
43	-133.6	0
43.2	-133.6	0
43.4	-133.6	0
43.6	-133.6	0
43.8	-133.6	0
44	-133.6	0
44.2	-133.6	0
44.4	-133.6	0
44.6	-133.6	0
44.8	-133.6	0
45	-133.6	0
45.2	-133.6	0
45.4	-133.6	0
45.6	-133.6	0
45.8	-133.6	0
46	-133.6	0
46.2	-133.6	0
46.4	-133.6	0
46.6	-133.6	0
46.8	-133.6	0
47	-133.6	0
47.2	-133.6	0
47.4	-133.6	0
47.6	-133.6	0
47.8	-133.6	0
48	-133.6	0
48.2	-133.6	0
48.4	-133.6	0
48.6	-133.6	0
48.8	-133.6	0
49	-133.6	0
49.2	-133.6	0
49.4	-133.6	0
49.6	-133.6	0
49.8	-133.6	0
50	-133.6	0
50.2	-133.6	0
50.4	-133.6	0
50.6	-133.6	0
50.8	-133.6	0
38	-133.4	0
38.2	-133.4	0
38.4	-133.4	0
38.6	-133.4	0
38.8	-133.4	0
39	-133.4	0
39.2	-133.4	0
39.4	-133.4	0
39.6	-133.4	0
39.8	-133.4	0
40	-133.4	0
40.2	-133.4	0
40.4	-133.4	0
40.6	-133.4	0
40.8	-133.4	0
41	-133.4	0
41.2	-133.4	0
41.4	-133.4	0
41.6	-133.4	0
41.8	-133.4	0
42	-133.4	0
42.2	-133.4	0
42.4	-133.4	0
42.6	-133.4	0
42.8	-133.4	0
43	-133.4	0
43.2	-133.4	0
43.4	-133.4	0
43.6	-133.4	0
43.8	-133.4	0
44	-133.4	0
44.2	-133.4	0
44.4	-133.4	0
44.6	-133.4	0
44.8	-133.4	0
45	-133.4	0
45.2	-133.4	0
45.4	-133.4	0
45.6	-133.4	0
45.8	-133.4	0
46	-133.4	0
46.2	-133.4	0
46.4	-133.4	0
46.6	-133.4	0
46.8	-133.4	0
47	-133.4	0
47.2	-133.4	0
47.4	-133.4	0
47.6	-133.4	0
47.8	-133.4	0
48	-133.4	0
48.2	-133.4	0
48.4	-133.4	0
48.6	-133.4	0
48.8	-133.4	0
49	-133.4	0
49.2	-133.4	0
49.4	-133.4	0
49.6	-133.4	0
49.8	-133.4	0
50	-133.4	0
50.2	-133.4	0
50.4	-133.4	0
50.6	-133.4	0
50.8	-133.4	0
38	-133.2	0
38.2	-133.2	0
38.4	-133.2	0
38.6	-133.2	0
38.8	-133.2	0
39	-133.2	0
39.2	-133.2	0
39.4	-133.2	0
39.6	-133.2	0
39.8	-133.2	0
40	-133.2	0
40.2	-133.2	0
40.4	-133.2	0
40.6	-133.2	0
40.8	-133.2	0
41	-133.2	0
41.2	-133.2	0
41.4	-133.2	0
41.6	-133.2	0
41.8	-133.2	0
42	-133.2	0
42.2	-133.2	0
42.4	-133.2	0
42.6	-133.2	0
42.8	-133.2	0
43	-133.2	0
43.2	-133.2	0
43.4	-133.2	0
43.6	-133.2	0
43.8	-133.2	0
44	-133.2	0
44.2	-133.2	0
44.4	-133.2	0
44.6	-133.2	0
44.8	-133.2	0
45	-133.2	0
45.2	-133.2	0
45.4	-133.2	0
45.6	-133.2	0
45.8	-133.2	0
46	-133.2	0
46.2	-133.2	0
46.4	-133.2	0
46.6	-133.2	0
46.8	-133.2	0
47	-133.2	0
47.2	-133.2	0
47.4	-133.2	0
47.6	-133.2	0
47.8	-133.2	0
48	-133.2	0
48.2	-133.2	0
48.4	-133.2	0
48.6	-133.2	0
48.8	-133.2	0
49	-133.2	0
49.2	-133.2	0
49.4	-133.2	0
49.6	-133.2	0
49.8	-133.2	0
50	-133.2	0
50.2	-133.2	0
50.4	-133.2	0
50.6	-133.2	0
50.8	-133.2	0
38	-133	0
38.2	-133	0
38.4	-133	0
38.6	-133	0
38.8	-133	0
39	-133	0
39.2	-133	0
39.4	-133	0
39.6	-133	0
39.8	-133	0
40	-133	0
40.2	-133	0
40.4	-133	0
40.6	-133	0
40.8	-133	0
41	-133	0
41.2	-133	0
41.4	-133	0
41.6	-133	0
41.8	-133	0
42	-133	0
42.2	-133	0
42.4	-133	0
42.6	-133	0
42.8	-133	0
43	-133	0
43.2	-133	0
43.4	-133	0
43.6	-133	0
43.8	-133	0
44	-133	0
44.2	-133	0
44.4	-133	0
44.6	-133	0
44.8	-133	0
45	-133	0
45.2	-133	0
45.4	-133	0
45.6	-133	0
45.8	-133	0
46	-133	0
46.2	-133	0
46.4	-133	0
46.6	-133	0
46.8	-133	0
47	-133	0
47.2	-133	0
47.4	-133	0
47.6	-133	0
47.8	-133	0
48	-133	0
48.2	-133	0
48.4	-133	0
48.6	-133	0
48.8	-133	0
49	-133	0
49.2	-133	0
49.4	-133	0
49.6	-133	0
49.8	-133	0
50	-133	0
50.2	-133	0
50.4	-133	0
50.6	-133	0
50.8	-133	0
38	-132.8	0
38.2	-132.8	0
38.4	-132.8	0
38.6	-132.8	0
38.8	-132.8	0
39	-132.8	0
39.2	-132.8	0
39.4	-132.8	0
39.6	-132.8	0
39.8	-132.8	0
40	-132.8	0
40.2	-132.8	0
40.4	-132.8	0
40.6	-132.8	0
40.8	-132.8	0
41	-132.8	0
41.2	-132.8	0
41.4	-132.8	0
41.6	-132.8	0
41.8	-132.8	0
42	-132.8	0
42.2	-132.8	0
42.4	-132.8	0
42.6	-132.8	0
42.8	-132.8	0
43	-132.8	0
43.2	-132.8	0
43.4	-132.8	0
43.6	-132.8	0
43.8	-132.8	0
44	-132.8	0
44.2	-132.8	0
44.4	-132.8	0
44.6	-132.8	0
44.8	-132.8	0
45	-132.8	0
45.2	-132.8	0
45.4	-132.8	0
45.6	-132.8	0
45.8	-132.8	0
46	-132.8	0
46.2	-132.8	0
46.4	-132.8	0
46.6	-132.8	0
46.8	-132.8	0
47	-132.8	0
47.2	-132.8	0
47.4	-132.8	0
47.6	-132.8	0
47.8	-132.8	0
48	-132.8	0
48.2	-132.8	0
48.4	-132.8	0
48.6	-132.8	0
48.8	-132.8	0
49	-132.8	0
49.2	-132.8	0
49.4	-132.8	0
49.6	-132.8	0
49.8	-132.8	0
50	-132.8	0
50.2	-132.8	0
50.4	-132.8	0
50.6	-132.8	0
50.8	-132.8	0
38	-132.6	0
38.2	-132.6	0
38.4	-132.6	0
38.6	-132.6	0
38.8	-132.6	0
39	-132.6	0
39.2	-132.6	0
39.4	-132.6	0
39.6	-132.6	0
39.8	-132.6	0
40	-132.6	0
40.2	-132.6	0
40.4	-132.6	0
40.6	-132.6	0
40.8	-132.6	0
41	-132.6	0
41.2	-132.6	0
41.4	-132.6	0
41.6	-132.6	0
41.8	-132.6	0
42	-132.6	0
42.2	-132.6	0
42.4	-132.6	0
42.6	-132.6	0
42.8	-132.6	0
43	-132.6	0
43.2	-132.6	0
43.4	-132.6	0
43.6	-132.6	0
43.8	-132.6	0
44	-132.6	0
44.2	-132.6	0
44.4	-132.6	0
44.6	-132.6	0
44.8	-132.6	0
45	-132.6	0
45.2	-132.6	0
45.4	-132.6	0
45.6	-132.6	0
45.8	-132.6	0
46	-132.6	0
46.2	-132.6	0
46.4	-132.6	0
46.6	-132.6	0
46.8	-132.6	0
47	-132.6	0
47.2	-132.6	0
47.4	-132.6	0
47.6	-132.6	0
47.8	-132.6	0
48	-132.6	0
48.2	-132.6	0
48.4	-132.6	0
48.6	-132.6	0
48.8	-132.6	0
49	-132.6	0
49.2	-132.6	0
49.4	-132.6	0
49.6	-132.6	0
49.8	-132.6	0
50	-132.6	0
50.2	-132.6	0
50.4	-132.6	0
50.6	-132.6	0
50.8	-132.6	0
38	-132.4	0
38.2	-132.4	0
38.4	-132.4	0
38.6	-132.4	0
38.8	-132.4	0
39	-132.4	0
39.2	-132.4	0
39.4	-132.4	0
39.6	-132.4	0
39.8	-132.4	0
40	-132.4	0
40.2	-132.4	0
40.4	-132.4	0
40.6	-132.4	0
40.8	-132.4	0
41	-132.4	0
41.2	-132.4	0
41.4	-132.4	0
41.6	-132.4	0
41.8	-132.4	0
42	-132.4	0
42.2	-132.4	0
42.4	-132.4	0
42.6	-132.4	0
42.8	-132.4	0
43	-132.4	0
43.2	-132.4	0
43.4	-132.4	0
43.6	-132.4	0
43.8	-132.4	0
44	-132.4	0
44.2	-132.4	0
44.4	-132.4	0
44.6	-132.4	0
44.8	-132.4	0
45	-132.4	0
45.2	-132.4	0
45.4	-132.4	0
45.6	-132.4	0
45.8	-132.4	0
46	-132.4	0
46.2	-132.4	0
46.4	-132.4	0
46.6	-132.4	0
46.8	-132.4	0
47	-132.4	0
47.2	-132.4	0
47.4	-132.4	0
47.6	-132.4	0
47.8	-132.4	0
48	-132.4	0
48.2	-132.4	0
48.4	-132.4	0
48.6	-132.4	0
48.8	-132.4	0
49	-132.4	0
49.2	-132.4	0
49.4	-132.4	0
49.6	-132.4	0
49.8	-132.4	0
50	-132.4	0
50.2	-132.4	0
50.4	-132.4	0
50.6	-132.4	0
50.8	-132.4	0
38	-132.2	0
38.2	-132.2	0
38.4	-132.2	0
38.6	-132.2	0
38.8	-132.2	0
39	-132.2	0
39.2	-132.2	0
39.4	-132.2	0
39.6	-132.2	0
39.8	-132.2	0
40	-132.2	0
40.2	-132.2	0
40.4	-132.2	0
40.6	-132.2	0
40.8	-132.2	0
41	-132.2	0
41.2	-132.2	0
41.4	-132.2	0
41.6	-132.2	0
41.8	-132.2	0
42	-132.2	0
42.2	-132.2	0
42.4	-132.2	0
42.6	-132.2	0
42.8	-132.2	0
43	-132.2	0
43.2	-132.2	0
43.4	-132.2	0
43.6	-132.2	0
43.8	-132.2	0
44	-132.2	0
44.2	-132.2	0
44.4	-132.2	0
44.6	-132.2	0
44.8	-132.2	0
45	-132.2	0
45.2	-132.2	0
45.4	-132.2	0
45.6	-132.2	0
45.8	-132.2	0
46	-132.2	0
46.2	-132.2	0
46.4	-132.2	0
46.6	-132.2	0
46.8	-132.2	0
47	-132.2	0
47.2	-132.2	0
47.4	-132.2	0
47.6	-132.2	0
47.8	-132.2	0
48	-132.2	0
48.2	-132.2	0
48.4	-132.2	0
48.6	-132.2	0
48.8	-132.2	0
49	-132.2	0
49.2	-132.2	0
49.4	-132.2	0
49.6	-132.2	0
49.8	-132.2	0
50	-132.2	0
50.2	-132.2	0
50.4	-132.2	0
50.6	-132.2	0
50.8	-132.2	0.01
38	-132	0.01
38.2	-132	0
38.4	-132	0
38.6	-132	0
38.8	-132	0
39	-132	0
39.2	-132	0
39.4	-132	0
39.6	-132	0
39.8	-132	0
40	-132	0
40.2	-132	0
40.4	-132	0
40.6	-132	0
40.8	-132	0
41	-132	0
41.2	-132	0
41.4	-132	0
41.6	-132	0
41.8	-132	0
42	-132	0
42.2	-132	0
42.4	-132	0
42.6	-132	0
42.8	-132	0
43	-132	0
43.2	-132	0
43.4	-132	0
43.6	-132	0
43.8	-132	0
44	-132	0
44.2	-132	0
44.4	-132	0
44.6	-132	0
44.8	-132	0
45	-132	0
45.2	-132	0
45.4	-132	0
45.6	-132	0
45.8	-132	0
46	-132	0
46.2	-132	0
46.4	-132	0
46.6	-132	0
46.8	-132	0
47	-132	0
47.2	-132	0
47.4	-132	0
47.6	-132	0
47.8	-132	0
48	-132	0
48.2	-132	0
48.4	-132	0
48.6	-132	0
48.8	-132	0
49	-132	0
49.2	-132	0
49.4	-132	0
49.6	-132	0
49.8	-132	0
50	-132	0
50.2	-132	0
50.4	-132	0.01
50.6	-132	0.01
50.8	-132	0.01
38	-131.8	0.01
38.2	-131.8	0
38.4	-131.8	0
38.6	-131.8	0
38.8	-131.8	0
39	-131.8	0
39.2	-131.8	0
39.4	-131.8	0
39.6	-131.8	0
39.8	-131.8	0
40	-131.8	0
40.2	-131.8	0
40.4	-131.8	0
40.6	-131.8	0
40.8	-131.8	0
41	-131.8	0
41.2	-131.8	0
41.4	-131.8	0
41.6	-131.8	0
41.8	-131.8	0
42	-131.8	0
42.2	-131.8	0
42.4	-131.8	0
42.6	-131.8	0
42.8	-131.8	0
43	-131.8	0
43.2	-131.8	0
43.4	-131.8	0
43.6	-131.8	0
43.8	-131.8	0
44	-131.8	0
44.2	-131.8	0
44.4	-131.8	0
44.6	-131.8	0
44.8	-131.8	0
45	-131.8	0
45.2	-131.8	0
45.4	-131.8	0
45.6	-131.8	0
45.8	-131.8	0
46	-131.8	0
46.2	-131.8	0
46.4	-131.8	0
46.6	-131.8	0
46.8	-131.8	0
47	-131.8	0
47.2	-131.8	0
47.4	-131.8	0
47.6	-131.8	0
47.8	-131.8	0
48	-131.8	0
48.2	-131.8	0
48.4	-131.8	0
48.6	-131.8	0
48.8	-131.8	0
49	-131.8	0
49.2	-131.8	0
49.4	-131.8	0
49.6	-131.8	0
49.8	-131.8	0
50	-131.8	0
50.2	-131.8	0.01
50.4	-131.8	0.01
50.6	-131.8	0.01
50.8	-131.8	0.02
38	-131.6	0.02
38.2	-131.6	0
38.4	-131.6	0
38.6	-131.6	0
38.8	-131.6	0
39	-131.6	0
39.2	-131.6	0
39.4	-131.6	0
39.6	-131.6	0
39.8	-131.6	0
40	-131.6	0
40.2	-131.6	0
40.4	-131.6	0
40.6	-131.6	0
40.8	-131.6	0
41	-131.6	0
41.2	-131.6	0
41.4	-131.6	0
41.6	-131.6	0
41.8	-131.6	0
42	-131.6	0
42.2	-131.6	0
42.4	-131.6	0
42.6	-131.6	0
42.8	-131.6	0
43	-131.6	0
43.2	-131.6	0
43.4	-131.6	0
43.6	-131.6	0
43.8	-131.6	0
44	-131.6	0
44.2	-131.6	0
44.4	-131.6	0
44.6	-131.6	0
44.8	-131.6	0
45	-131.6	0
45.2	-131.6	0
45.4	-131.6	0
45.6	-131.6	0
45.8	-131.6	0
46	-131.6	0
46.2	-131.6	0
46.4	-131.6	0
46.6	-131.6	0
46.8	-131.6	0
47	-131.6	0
47.2	-131.6	0
47.4	-131.6	0
47.6	-131.6	0
47.8	-131.6	0
48	-131.6	0
48.2	-131.6	0
48.4	-131.6	0
48.6	-131.6	0
48.8	-131.6	0
49	-131.6	0
49.2	-131.6	0
49.4	-131.6	0
49.6	-131.6	0
49.8	-131.6	0
50	-131.6	0.01
50.2	-131.6	0.01
50.4	-131.6	0.01
50.6	-131.6	0.02
50.8	-131.6	0.03
38	-131.4	0.03
38.2	-131.4	0
38.4	-131.4	0
38.6	-131.4	0
38.8	-131.4	0
39	-131.4	0
39.2	-131.4	0
39.4	-131.4	0
39.6	-131.4	0
39.8	-131.4	0
40	-131.4	0
40.2	-131.4	0
40.4	-131.4	0
40.6	-131.4	0
40.8	-131.4	0
41	-131.4	0
41.2	-131.4	0
41.4	-131.4	0
41.6	-131.4	0
41.8	-131.4	0
42	-131.4	0
42.2	-131.4	0
42.4	-131.4	0
42.6	-131.4	0
42.8	-131.4	0
43	-131.4	0
43.2	-131.4	0
43.4	-131.4	0
43.6	-131.4	0
43.8	-131.4	0
44	-131.4	0
44.2	-131.4	0
44.4	-131.4	0
44.6	-131.4	0
44.8	-131.4	0
45	-131.4	0
45.2	-131.4	0
45.4	-131.4	0
45.6	-131.4	0
45.8	-131.4	0
46	-131.4	0
46.2	-131.4	0
46.4	-131.4	0
46.6	-131.4	0
46.8	-131.4	0
47	-131.4	0
47.2	-131.4	0
47.4	-131.4	0
47.6	-131.4	0
47.8	-131.4	0
48	-131.4	0
48.2	-131.4	0
48.4	-131.4	0
48.6	-131.4	0
48.8	-131.4	0
49	-131.4	0
49.2	-131.4	0
49.4	-131.4	0
49.6	-131.4	0
49.8	-131.4	0.01
50	-131.4	0.01
50.2	-131.4	0.02
50.4	-131.4	0.03
50.6	-131.4	0.03
50.8	-131.4	0.06
38	-131.2	0.07
38.2	-131.2	0
38.4	-131.2	0
38.6	-131.2	0
38.8	-131.2	0
39	-131.2	0
39.2	-131.2	0
39.4	-131.2	0
39.6	-131.2	0
39.8	-131.2	0
40	-131.2	0
40.2	-131.2	0
40.4	-131.2	0
40.6	-131.2	0
40.8	-131.2	0
41	-131.2	0
41.2	-131.2	0
41.4	-131.2	0
41.6	-131.2	0
41.8	-131.2	0
42	-131.2	0
42.2	-131.2	0
42.4	-131.2	0
42.6	-131.2	0
42.8	-131.2	0
43	-131.2	0
43.2	-131.2	0
43.4	-131.2	0
43.6	-131.2	0
43.8	-131.2	0
44	-131.2	0
44.2	-131.2	0
44.4	-131.2	0
44.6	-131.2	0
44.8	-131.2	0
45	-131.2	0
45.2	-131.2	0
45.4	-131.2	0
45.6	-131.2	0
45.8	-131.2	0
46	-131.2	0
46.2	-131.2	0
46.4	-131.2	0
46.6	-131.2	0
46.8	-131.2	0
47	-131.2	0
47.2	-131.2	0
47.4	-131.2	0
47.6	-131.2	0
47.8	-131.2	0
48	-131.2	0
48.2	-131.2	0
48.4	-131.2	0
48.6	-131.2	0
48.8	-131.2	0
49	-131.2	0
49.2	-131.2	0
49.4	-131.2	0
49.6	-131.2	0
49.8	-131.2	0.01
50	-131.2	0.01
50.2	-131.2	0.02
50.4	-131.2	0.03
50.6	-131.2	0.04
50.8	-131.2	1.21
38	-131	1.35
38.2	-131	0
38.4	-131	0
38.6	-131	0
38.8	-131	0
39	-131	0
39.2	-131	0
39.4	-131	0
39.6	-131	0
39.8	-131	0
40	-131	0
40.2	-131	0
40.4	-131	0
40.6	-131	0
40.8	-131	0
41	-131	0
41.2	-131	0
41.4	-131	0
41.6	-131	0
41.8	-131	0
42	-131	0
42.2	-131	0
42.4	-131	0
42.6	-131	0
42.8	-131	0
43	-131	0
43.2	-131	0
43.4	-131	0
43.6	-131	0
43.8	-131	0
44	-131	0
44.2	-131	0
44.4	-131	0
44.6	-131	0.57
44.8	-131	6.87
45	-131	7.43
45.2	-131	3.8
45.4	-131	0
45.6	-131	0
45.8	-131	0
46	-131	0
46.2	-131	0
46.4	-131	0
46.6	-131	0
46.8	-131	0
47	-131	0
47.2	-131	0
47.4	-131	0
47.6	-131	0
47.8	-131	0
48	-131	0
48.2	-131	0
48.4	-131	0
48.6	-131	0
48.8	-131	0
49	-131	0
49.2	-131	0.01
49.4	-131	0.01
49.6	-131	0.01
49.8	-131	0.03
50	-131	0.03
50.2	-131	0.05
50.4	-131	0.06
50.6	-131	5.48
50.8	-131	50.32
38	-130.8	53.17
38.2	-130.8	0
38.4	-130.8	0
38.6	-130.8	0
38.8	-130.8	0
39	-130.8	0
39.2	-130.8	0
39.4	-130.8	0
39.6	-130.8	0
39.8	-130.8	0
40	-130.8	0
40.2	-130.8	0
40.4	-130.8	0
40.6	-130.8	0
40.8	-130.8	0
41	-130.8	0
41.2	-130.8	0
41.4	-130.8	0
41.6	-130.8	0
41.8	-130.8	0
42	-130.8	0
42.2	-130.8	0
42.4	-130.8	0
42.6	-130.8	0
42.8	-130.8	0
43	-130.8	0
43.2	-130.8	0
43.4	-130.8	0
43.6	-130.8	0
43.8	-130.8	0
44	-130.8	0
44.2	-130.8	0
44.4	-130.8	0
44.6	-130.8	1.13
44.8	-130.8	13.27
45	-130.8	14.3
45.2	-130.8	7.45
45.4	-130.8	0
45.6	-130.8	0
45.8	-130.8	0
46	-130.8	0
46.2	-130.8	0
46.4	-130.8	0
46.6	-130.8	0
46.8	-130.8	0
47	-130.8	0
47.2	-130.8	0
47.4	-130.8	0
47.6	-130.8	0
47.8	-130.8	0
48	-130.8	0
48.2	-130.8	0
48.4	-130.8	0
48.6	-130.8	0
48.8	-130.8	0.01
49	-130.8	0.01
49.2	-130.8	0.01
49.4	-130.8	0.02
49.6	-130.8	0.02
49.8	-130.8	0.04
50	-130.8	0.05
50.2	-130.8	0.07
50.4	-130.8	0.09
50.6	-130.8	10.63
50.8	-130.8	75.01
38	-130.6	77.77
38.2	-130.6	0
38.4	-130.6	0
38.6	-130.6	0
38.8	-130.6	0
39	-130.6	0
39.2	-130.6	0
39.4	-130.6	0
39.6	-130.6	0
39.8	-130.6	0
40	-130.6	0
40.2	-130.6	0
40.4	-130.6	0
40.6	-130.6	0
40.8	-130.6	0
41	-130.6	0
41.2	-130.6	0
41.4	-130.6	0
41.6	-130.6	0
41.8	-130.6	0
42	-130.6	0
42.2	-130.6	0
42.4	-130.6	0
42.6	-130.6	0
42.8	-130.6	0
43	-130.6	0
43.2	-130.6	0
43.4	-130.6	0
43.6	-130.6	0
43.8	-130.6	0
44	-130.6	0
44.2	-130.6	0
44.4	-130.6	0
44.6	-130.6	1.2
44.8	-130.6	17.96
45	-130.6	19.03
45.2	-130.6	10.06
45.4	-130.6	0
45.6	-130.6	0
45.8	-130.6	0
46	-130.6	0
46.2	-130.6	0
46.4	-130.6	0
46.6	-130.6	0
46.8	-130.6	0
47	-130.6	0
47.2	-130.6	0
47.4	-130.6	0
47.6	-130.6	0
47.8	-130.6	0
48	-130.6	0
48.2	-130.6	0
48.4	-130.6	0.01
48.6	-130.6	0.01
48.8	-130.6	0.01
49	-130.6	0.01
49.2	-130.6	2.68
49.4	-130.6	5.33
49.6	-130.6	5.68
49.8	-130.6	19.24
50	-130.6	19.66
50.2	-130.6	32.68
50.4	-130.6	43.78
50.6	-130.6	50.25
50.8	-130.6	89.31
38	-130.4	90.63
38.2	-130.4	0
38.4	-130.4	0
38.6	-130.4	0
38.8	-130.4	0
39	-130.4	0
39.2	-130.4	0
39.4	-130.4	0
39.6	-130.4	0
39.8	-130.4	0
40	-130.4	0
40.2	-130.4	0
40.4	-130.4	0
40.6	-130.4	0
40.8	-130.4	0
41	-130.4	0
41.2	-130.4	0
41.4	-130.4	0
41.6	-130.4	0
41.8	-130.4	0
42	-130.4	0
42.2	-130.4	0
42.4	-130.4	0
42.6	-130.4	0
42.8	-130.4	0
43	-130.4	0
43.2	-130.4	0
43.4	-130.4	0
43.6	-130.4	0
43.8	-130.4	0
44	-130.4	0
44.2	-130.4	0
44.4	-130.4	0.01
44.6	-130.4	3.34
44.8	-130.4	31.49
45	-130.4	33.86
45.2	-130.4	18.72
45.4	-130.4	0
45.6	-130.4	0
45.8	-130.4	0
46	-130.4	0
46.2	-130.4	0
46.4	-130.4	0
46.6	-130.4	0
46.8	-130.4	0
47	-130.4	0
47.2	-130.4	0
47.4	-130.4	0
47.6	-130.4	0
47.8	-130.4	0
48	-130.4	0
48.2	-130.4	0.01
48.4	-130.4	0.01
48.6	-130.4	0.01
48.8	-130.4	0.01
49	-130.4	0.01
49.2	-130.4	10.17
49.4	-130.4	19.34
49.6	-130.4	23.68
49.8	-130.4	54.37
50	-130.4	56.91
50.2	-130.4	77.94
50.4	-130.4	88.75
50.6	-130.4	90.81
50.8	-130.4	98.86
38	-130.2	99.08
38.2	-130.2	0
38.4	-130.2	0
38.6	-130.2	0
38.8	-130.2	0
39	-130.2	0
39.2	-130.2	0
39.4	-130.2	0
39.6	-130.2	0
39.8	-130.2	0
40	-130.2	0
40.2	-130.2	0
40.4	-130.2	0
40.6	-130.2	0
40.8	-130.2	0
41	-130.2	0
41.2	-130.2	0
41.4	-130.2	0
41.6	-130.2	0
41.8	-130.2	0
42	-130.2	0
42.2	-130.2	0
42.4	-130.2	0
42.6	-130.2	0
42.8	-130.2	0
43	-130.2	0
43.2	-130.2	0
43.4	-130.2	0
43.6	-130.2	0
43.8	-130.2	0
44	-130.2	0
44.2	-130.2	0
44.4	-130.2	0.01
44.6	-130.2	3.41
44.8	-130.2	35.2
45	-130.2	37.51
45.2	-130.2	21.01
45.4	-130.2	0
45.6	-130.2	0
45.8	-130.2	0
46	-130.2	0
46.2	-130.2	0
46.4	-130.2	0
46.6	-130.2	0
46.8	-130.2	0
47	-130.2	0
47.2	-130.2	0
47.4	-130.2	0
47.6	-130.2	0
47.8	-130.2	0
48	-130.2	0
48.2	-130.2	0.01
48.4	-130.2	0.01
48.6	-130.2	0.01
48.8	-130.2	0.01
49	-130.2	0.01
49.2	-130.2	12.57
49.4	-130.2	23.63
49.6	-130.2	28
49.8	-130.2	63.15
50	-130.2	65.39
50.2	-130.2	85.41
50.4	-130.2	93.92
50.6	-130.2	95.12
50.8	-130.2	99.49
38	-130	99.59
38.2	-130	0
38.4	-130	0
38.6	-130	0
38.8	-130	0
39	-130	0
39.2	-130	0
39.4	-130	0
39.6	-130	0
39.8	-130	0
40	-130	0
40.2	-130	0
40.4	-130	0
40.6	-130	0
40.8	-130	0
41	-130	0
41.2	-130	0
41.4	-130	0
41.6	-130	0
41.8	-130	0
42	-130	0
42.2	-130	0
42.4	-130	0
42.6	-130	0
42.8	-130	0
43	-130	0
43.2	-130	0
43.4	-130	0
43.6	-130	0
43.8	-130	0
44	-130	0
44.2	-130	59.37
44.4	-130	83.59
44.6	-130	83.67
44.8	-130	83.55
45	-130	83.63
45.2	-130	59.67
45.4	-130	0
45.6	-130	0
45.8	-130	0
46	-130	0
46.2	-130	7.04
46.4	-130	13.63
46.6	-130	12.73
46.8	-130	1.09
47	-130	0
47.2	-130	0
47.4	-130	0
47.6	-130	0
47.8	-130	0.01
48	-130	0.01
48.2	-130	0.01
48.4	-130	0.02
48.6	-130	0.02
48.8	-130	0.03
49	-130	0.03
49.2	-130	12.79
49.4	-130	24.01
49.6	-130	28.69
49.8	-130	65.34
50	-130	67.6
50.2	-130	97.35
50.4	-130	99.79
50.6	-130	99.75
50.8	-130	98.22
38	-129.8	97.92
38.2	-129.8	0
38.4	-129.8	0
38.6	-129.8	0
38.8	-129.8	0
39	-129.8	0
39.2	-129.8	0
39.4	-129.8	0
39.6	-129.8	0
39.8	-129.8	0
40	-129.8	0
40.2	-129.8	0
40.4	-129.8	0
40.6	-129.8	0
40.8	-129.8	0
41	-129.8	0
41.2	-129.8	0
41.4	-129.8	0
41.6	-129.8	0
41.8	-129.8	0
42	-129.8	0
42.2	-129.8	0
42.4	-129.8	0
42.6	-129.8	0
42.8	-129.8	0
43	-129.8	0
43.2	-129.8	0
43.4	-129.8	0
43.6	-129.8	0
43.8	-129.8	0.01
44	-129.8	0.01
44.2	-129.8	83.49
44.4	-129.8	97.31
44.6	-129.8	97.24
44.8	-129.8	95.82
45	-129.8	95.71
45.2	-129.8	79.4
45.4	-129.8	0
45.6	-129.8	0
45.8	-129.8	0
46	-129.8	0
46.2	-129.8	13.58
46.4	-129.8	25.39
46.6	-129.8	23.83
46.8	-129.8	2.17
47	-129.8	0
47.2	-129.8	0
47.4	-129.8	0.01
47.6	-129.8	0.01
47.8	-129.8	0.01
48	-129.8	0.01
48.2	-129.8	0.02
48.4	-129.8	0.02
48.6	-129.8	0.03
48.8	-129.8	0.04
49	-129.8	0.04
49.2	-129.8	13.02
49.4	-129.8	24.39
49.6	-129.8	29.37
49.8	-129.8	67.41
50	-129.8	69.67
50.2	-129.8	99.52
50.4	-129.8	99.99
50.6	-129.8	99.99
50.8	-129.8	93.76
38	-129.6	89.31
38.2	-129.6	0
38.4	-129.6	0
38.6	-129.6	0
38.8	-129.6	0
39	-129.6	0
39.2	-129.6	0
39.4	-129.6	0
39.6	-129.6	0
39.8	-129.6	0
40	-129.6	0
40.2	-129.6	0
40.4	-129.6	0
40.6	-129.6	0
40.8	-129.6	0
41	-129.6	0
41.2	-129.6	0
41.4	-129.6	0
41.6	-129.6	0
41.8	-129.6	0
42	-129.6	0
42.2	-129.6	0
42.4	-129.6	0
42.6	-129.6	0
42.8	-129.6	0
43	-129.6	0
43.2	-129.6	0
43.4	-129.6	0
43.6	-129.6	0.03
43.8	-129.6	2.69
44	-129.6	2.74
44.2	-129.6	89.61
44.4	-129.6	98.91
44.6	-129.6	98.87
44.8	-129.6	93.57
45	-129.6	93.26
45.2	-129.6	74.12
45.4	-129.6	0
45.6	-129.6	0
45.8	-129.6	0
46	-129.6	0
46.2	-129.6	11.2
46.4	-129.6	21.2
46.6	-129.6	19.57
46.8	-129.6	2.08
47	-129.6	0
47.2	-129.6	1.32
47.4	-129.6	2.65
47.6	-129.6	2.8
47.8	-129.6	9.95
48	-129.6	10.16
48.2	-129.6	5.28
48.4	-129.6	0.03
48.6	-129.6	0.43
48.8	-129.6	19.37
49	-129.6	19.86
49.2	-129.6	37.87
49.4	-129.6	51.99
49.6	-129.6	54.78
49.8	-129.6	61.18
50	-129.6	63.34
50.2	-129.6	98.64
50.4	-129.6	99.95
50.6	-129.6	99.92
50.8	-129.6	89.9
38	-129.4	83.15
38.2	-129.4	0
38.4	-129.4	0
38.6	-129.4	0
38.8	-129.4	0
39	-129.4	0
39.2	-129.4	0
39.4	-129.4	0
39.6	-129.4	0
39.8	-129.4	0
40	-129.4	0
40.2	-129.4	0
40.4	-129.4	0
40.6	-129.4	0
40.8	-129.4	0
41	-129.4	0
41.2	-129.4	0
41.4	-129.4	0
41.6	-129.4	0
41.8	-129.4	0
42	-129.4	0
42.2	-129.4	0
42.4	-129.4	0
42.6	-129.4	0
42.8	-129.4	0
43	-129.4	0
43.2	-129.4	0
43.4	-129.4	0
43.6	-129.4	1.14
43.8	-129.4	11.24
44	-129.4	12.27
44.2	-129.4	98.11
44.4	-129.4	99.96
44.6	-129.4	99.93
44.8	-129.4	81.11
45	-129.4	66.2
45.2	-129.4	42.05
45.4	-129.4	0
45.6	-129.4	0
45.8	-129.4	0
46	-129.4	0
46.2	-129.4	2.68
46.4	-129.4	5.33
46.6	-129.4	5.3
46.8	-129.4	0.09
47	-129.4	0
47.2	-129.4	5.48
47.4	-129.4	10.68
47.6	-129.4	13.23
47.8	-129.4	33.73
48	-129.4	35.68
48.2	-129.4	19.86
48.4	-129.4	0.05
48.6	-129.4	7.46
48.8	-129.4	55.13
49	-129.4	58.56
49.2	-129.4	77.03
49.4	-129.4	87.31
49.6	-129.4	85.28
49.8	-129.4	45.84
50	-129.4	36.93
50.2	-129.4	73.03
50.4	-129.4	88.66
50.6	-129.4	88.47
50.8	-129.4	47.85
38	-129.2	46.14
38.2	-129.2	0
38.4	-129.2	0
38.6	-129.2	0
38.8	-129.2	0
39	-129.2	0
39.2	-129.2	0
39.4	-129.2	0
39.6	-129.2	0
39.8	-129.2	0
40	-129.2	0
40.2	-129.2	0
40.4	-129.2	0
40.6	-129.2	0
40.8	-129.2	0
41	-129.2	0
41.2	-129.2	0
41.4	-129.2	0
41.6	-129.2	0
41.8	-129.2	0
42	-129.2	0
42.2	-129.2	0
42.4	-129.2	0
42.6	-129.2	0
42.8	-129.2	0
43	-129.2	0
43.2	-129.2	0
43.4	-129.2	0.01
43.6	-129.2	1.17
43.8	-129.2	13.62
44	-129.2	14.67
44.2	-129.2	98.81
44.4	-129.2	99.98
44.6	-129.2	99.97
44.8	-129.2	70.93
45	-129.2	46.87
45.2	-129.2	27.19
45.4	-129.2	0
45.6	-129.2	0
45.8	-129.2	0
46	-129.2	0
46.2	-129.2	0
46.4	-129.2	0
46.6	-129.2	0
46.8	-129.2	0
47	-129.2	0
47.2	-129.2	6.73
47.4	-129.2	13.05
47.6	-129.2	15.65
47.8	-129.2	40.32
48	-129.2	42.21
48.2	-129.2	24.09
48.4	-129.2	0.08
48.6	-129.2	7.87
48.8	-129.2	63.91
49	-129.2	66.91
49.2	-129.2	83.65
49.4	-129.2	91.96
49.6	-129.2	90.6
49.8	-129.2	35.52
50	-129.2	23.8
50.2	-129.2	22.43
50.4	-129.2	21
50.6	-129.2	20.79
50.8	-129.2	17.58
38	-129	17.34
38.2	-129	0
38.4	-129	0
38.6	-129	0
38.8	-129	0
39	-129	0
39.2	-129	0
39.4	-129	0
39.6	-129	0
39.8	-129	0
40	-129	0
40.2	-129	0
40.4	-129	0
40.6	-129	0
40.8	-129	0
41	-129	0
41.2	-129	0
41.4	-129	0
41.6	-129	0
41.8	-129	0
42	-129	0
42.2	-129	0
42.4	-129	0
42.6	-129	0
42.8	-129	0
43	-129	0
43.2	-129	0.01
43.4	-129	0.01
43.6	-129	5.69
43.8	-129	51.95
44	-129	54.81
44.2	-129	94.23
44.4	-129	99.27
44.6	-129	98.99
44.8	-129	48.28
45	-129	27.11
45.2	-129	14.67
45.4	-129	0
45.6	-129	0
45.8	-129	0
46	-129	0
46.2	-129	0
46.4	-129	0
46.6	-129	0
46.8	-129	0
47	-129	0
47.2	-129	6.74
47.4	-129	13.08
47.6	-129	17.41
47.8	-129	53.93
48	-129	56.35
48.2	-129	42.35
48.4	-129	23.71
48.6	-129	35.46
48.8	-129	90.53
49	-129	92.06
49.2	-129	93.45
49.4	-129	94.61
49.6	-129	93.58
49.8	-129	44.8
50	-129	33.49
50.2	-129	25.67
50.4	-129	16.87
50.6	-129	16.37
50.8	-129	9.73
38	-128.8	9.16
38.2	-128.8	0
38.4	-128.8	0
38.6	-128.8	0
38.8	-128.8	0
39	-128.8	0
39.2	-128.8	0
39.4	-128.8	0
39.6	-128.8	0
39.8	-128.8	0
40	-128.8	0
40.2	-128.8	0
40.4	-128.8	0
40.6	-128.8	0
40.8	-128.8	0
41	-128.8	0
41.2	-128.8	0
41.4	-128.8	0
41.6	-128.8	0
41.8	-128.8	0
42	-128.8	0
42.2	-128.8	0
42.4	-128.8	0
42.6	-128.8	0
42.8	-128.8	0
43	-128.8	0
43.2	-128.8	0.01
43.4	-128.8	0.02
43.6	-128.8	10.01
43.8	-128.8	73.28
44	-128.8	76.07
44.2	-128.8	71.99
44.4	-128.8	67.18
44.6	-128.8	64.48
44.8	-128.8	7.99
45	-128.8	0.01
45.2	-128.8	0.01
45.4	-128.8	0
45.6	-128.8	0
45.8	-128.8	0
46	-128.8	0
46.2	-128.8	0
46.4	-128.8	0
46.6	-128.8	0
46.8	-128.8	0
47	-128.8	0
47.2	-128.8	6.76
47.4	-128.8	13.11
47.6	-128.8	19.12
47.8	-128.8	64.44
48	-128.8	67.03
48.2	-128.8	56.22
48.4	-128.8	41.75
48.6	-128.8	54.79
48.8	-128.8	97.51
49	-128.8	98.1
49.2	-128.8	97.38
49.4	-128.8	96.39
49.6	-128.8	95.61
49.8	-128.8	52.75
50	-128.8	41.94
50.2	-128.8	28.78
50.4	-128.8	12.52
50.6	-128.8	11.71
50.8	-128.8	1.15
38	-128.6	0.18
38.2	-128.6	0
38.4	-128.6	0
38.6	-128.6	0
38.8	-128.6	0
39	-128.6	0
39.2	-128.6	0
39.4	-128.6	0
39.6	-128.6	0
39.8	-128.6	0
40	-128.6	0
40.2	-128.6	0
40.4	-128.6	0
40.6	-128.6	0
40.8	-128.6	0
41	-128.6	0
41.2	-128.6	0
41.4	-128.6	0
41.6	-128.6	0.02
41.8	-128.6	2.04
42	-128.6	2.08
42.2	-128.6	1.05
42.4	-128.6	0
42.6	-128.6	0
42.8	-128.6	0
43	-128.6	0
43.2	-128.6	0.01
43.4	-128.6	0.02
43.6	-128.6	10.96
43.8	-128.6	89.69
44	-128.6	90.95
44.2	-128.6	83.32
44.4	-128.6	68.99
44.6	-128.6	66.43
44.8	-128.6	8.06
45	-128.6	0.01
45.2	-128.6	0.01
45.4	-128.6	0
45.6	-128.6	0
45.8	-128.6	0
46	-128.6	0
46.2	-128.6	0
46.4	-128.6	0
46.6	-128.6	0
46.8	-128.6	0
47	-128.6	0
47.2	-128.6	5.51
47.4	-128.6	10.73
47.6	-128.6	16.71
47.8	-128.6	58.37
48	-128.6	61.26
48.2	-128.6	50.62
48.4	-128.6	36.97
48.6	-128.6	50.65
48.8	-128.6	95.82
49	-128.6	96.76
49.2	-128.6	96.12
49.4	-128.6	95.36
49.6	-128.6	94.38
49.8	-128.6	51.29
50	-128.6	40.42
50.2	-128.6	26.84
50.4	-128.6	10.01
50.6	-128.6	9.19
50.8	-128.6	0.94
38	-128.4	0.01
38.2	-128.4	0
38.4	-128.4	0
38.6	-128.4	0
38.8	-128.4	0
39	-128.4	0
39.2	-128.4	0
39.4	-128.4	0
39.6	-128.4	0
39.8	-128.4	0
40	-128.4	0
40.2	-128.4	0
40.4	-128.4	0
40.6	-128.4	0
40.8	-128.4	0
41	-128.4	0
41.2	-128.4	0
41.4	-128.4	0
41.6	-128.4	0.91
41.8	-128.4	9.19
42	-128.4	10.04
42.2	-128.4	5.16
42.4	-128.4	0
42.6	-128.4	0
42.8	-128.4	0.01
43	-128.4	0.01
43.2	-128.4	0.02
43.4	-128.4	0.02
43.6	-128.4	39.61
43.8	-128.4	99.59
44	-128.4	99.76
44.2	-128.4	97.53
44.4	-128.4	74.79
44.6	-128.4	72.1
44.8	-128.4	10.1
45	-128.4	0.01
45.2	-128.4	0.01
45.4	-128.4	0
45.6	-128.4	0
45.8	-128.4	0
46	-128.4	0
46.2	-128.4	0
46.4	-128.4	0
46.6	-128.4	0
46.8	-128.4	0
47	-128.4	0
47.2	-128.4	1.33
47.4	-128.4	2.67
47.6	-128.4	4.91
47.8	-128.4	34.22
48	-128.4	35.89
48.2	-128.4	28.29
48.4	-128.4	19.67
48.6	-128.4	26.88
48.8	-128.4	82.18
49	-128.4	83.93
49.2	-128.4	87.51
49.4	-128.4	90.29
49.6	-128.4	89.08
49.8	-128.4	43.35
50	-128.4	35.63
50.2	-128.4	20.95
50.4	-128.4	2.76
50.6	-128.4	2.72
50.8	-128.4	0.07
38	-128.2	0.01
38.2	-128.2	0
38.4	-128.2	0
38.6	-128.2	0
38.8	-128.2	0
39	-128.2	0
39.2	-128.2	0
39.4	-128.2	0
39.6	-128.2	0
39.8	-128.2	0
40	-128.2	0
40.2	-128.2	0
40.4	-128.2	0
40.6	-128.2	0
40.8	-128.2	0
41	-128.2	0
41.2	-128.2	0
41.4	-128.2	0
41.6	-128.2	0.93
41.8	-128.2	11.04
42	-128.2	11.9
42.2	-128.2	6.16
42.4	-128.2	0
42.6	-128.2	0
42.8	-128.2	0.01
43	-128.2	0.01
43.2	-128.2	0.02
43.4	-128.2	0.03
43.6	-128.2	40.25
43.8	-128.2	99.84
44	-128.2	99.91
44.2	-128.2	98.53
44.4	-128.2	76.18
44.6	-128.2	73.63
44.8	-128.2	10.16
45	-128.2	0.01
45.2	-128.2	0
45.4	-128.2	0
45.6	-128.2	0
45.8	-128.2	0
46	-128.2	0
46.2	-128.2	0
46.4	-128.2	0
46.6	-128.2	0
46.8	-128.2	0
47	-128.2	0
47.2	-128.2	0
47.4	-128.2	0.01
47.6	-128.2	2.07
47.8	-128.2	23
48	-128.2	24.67
48.2	-128.2	19.09
48.4	-128.2	13.05
48.6	-128.2	20.15
48.8	-128.2	69.92
49	-128.2	72.5
49.2	-128.2	81.45
49.4	-128.2	87.53
49.6	-128.2	86
49.8	-128.2	41.54
50	-128.2	33.87
50.2	-128.2	18.76
50.4	-128.2	0.02
50.6	-128.2	0.02
50.8	-128.2	0.01
38	-128	0.01
38.2	-128	0
38.4	-128	0
38.6	-128	0
38.8	-128	0
39	-128	0
39.2	-128	0
39.4	-128	0
39.6	-128	0
39.8	-128	0
40	-128	0
40.2	-128	2.27
40.4	-128	4.51
40.6	-128	4.19
40.8	-128	0.35
41	-128	0
41.2	-128	2.29
41.4	-128	4.54
41.6	-128	4.67
41.8	-128	6.01
42	-128	6.14
42.2	-128	3.13
42.4	-128	0.01
42.6	-128	0.01
42.8	-128	0.01
43	-128	0.01
43.2	-128	0.03
43.4	-128	0.04
43.6	-128	32.44
43.8	-128	99.26
44	-128	99.51
44.2	-128	95.15
44.4	-128	51.2
44.6	-128	48.65
44.8	-128	5.22
45	-128	0.01
45.2	-128	0
45.4	-128	0
45.6	-128	0
45.8	-128	0
46	-128	0
46.2	-128	0
46.4	-128	0
46.6	-128	0
46.8	-128	0
47	-128	0
47.2	-128	0
47.4	-128	0.01
47.6	-128	1.04
47.8	-128	12.25
48	-128	13.21
48.2	-128	10.06
48.4	-128	6.77
48.6	-128	12.77
48.8	-128	59.38
49	-128	62.14
49.2	-128	80.8
49.4	-128	90.32
49.6	-128	88.93
49.8	-128	42.52
50	-128	33.72
50.2	-128	18.66
50.4	-128	0.03
50.6	-128	0.02
50.8	-128	0.01
38	-127.8	0.01
38.2	-127.8	0
38.4	-127.8	0
38.6	-127.8	0
38.8	-127.8	0
39	-127.8	0
39.2	-127.8	0
39.4	-127.8	0
39.6	-127.8	0
39.8	-127.8	0
40	-127.8	0
40.2	-127.8	4.49
40.4	-127.8	8.81
40.6	-127.8	8.21
40.8	-127.8	0.69
41	-127.8	0.01
41.2	-127.8	4.53
41.4	-127.8	8.88
41.6	-127.8	8.28
41.8	-127.8	0.7
42	-127.8	0.01
42.2	-127.8	0.01
42.4	-127.8	0.01
42.6	-127.8	0.01
42.8	-127.8	0.02
43	-127.8	0.02
43.2	-127.8	0.03
43.4	-127.8	0.05
43.6	-127.8	23.61
43.8	-127.8	96.56
44	-127.8	97.4
44.2	-127.8	83.99
44.4	-127.8	0.03
44.6	-127.8	0.03
44.8	-127.8	0.01
45	-127.8	0.01
45.2	-127.8	0
45.4	-127.8	0
45.6	-127.8	0
45.8	-127.8	0
46	-127.8	0
46.2	-127.8	0
46.4	-127.8	0
46.6	-127.8	0
46.8	-127.8	0
47	-127.8	0
47.2	-127.8	0
47.4	-127.8	0
47.6	-127.8	0
47.8	-127.8	0.01
48	-127.8	0.01
48.2	-127.8	0.03
48.4	-127.8	0.03
48.6	-127.8	4.71
48.8	-127.8	45.15
49	-127.8	47.87
49.2	-127.8	80.14
49.4	-127.8	92.49
49.6	-127.8	91.25
49.8	-127.8	43.49
50	-127.8	33.57
50.2	-127.8	18.57
50.4	-127.8	0.03
50.6	-127.8	0.03
50.8	-127.8	0.01
38	-127.6	0.01
38.2	-127.6	0
38.4	-127.6	0
38.6	-127.6	0
38.8	-127.6	0
39	-127.6	0
39.2	-127.6	0
39.4	-127.6	0
39.6	-127.6	0
39.8	-127.6	0
40	-127.6	0
40.2	-127.6	13.74
40.4	-127.6	25.73
40.6	-127.6	25.32
40.8	-127.6	11.76
41	-127.6	11.18
41.2	-127.6	16.56
41.4	-127.6	21.67
41.6	-127.6	21.15
41.8	-127.6	2.35
42	-127.6	1.57
42.2	-127.6	1.84
42.4	-127.6	2.12
42.6	-127.6	2.12
42.8	-127.6	0.05
43	-127.6	0.03
43.2	-127.6	18.53
43.4	-127.6	33.85
43.6	-127.6	49.49
43.8	-127.6	97.14
44	-127.6	97.84
44.2	-127.6	85.41
44.4	-127.6	0.03
44.6	-127.6	0.03
44.8	-127.6	0.01
45	-127.6	0.01
45.2	-127.6	0
45.4	-127.6	0
45.6	-127.6	0
45.8	-127.6	0
46	-127.6	0
46.2	-127.6	0
46.4	-127.6	0
46.6	-127.6	0
46.8	-127.6	0
47	-127.6	0
47.2	-127.6	0
47.4	-127.6	0
47.6	-127.6	0
47.8	-127.6	0.01
48	-127.6	0.01
48.2	-127.6	0.02
48.4	-127.6	0.03
48.6	-127.6	4.47
48.8	-127.6	37.69
49	-127.6	40.55
49.2	-127.6	74.15
49.4	-127.6	88.82
49.6	-127.6	87.08
49.8	-127.6	51.93
50	-127.6	44.24
50.2	-127.6	25.46
50.4	-127.6	0.03
50.6	-127.6	0.03
50.8	-127.6	0.01
38	-127.4	0.01
38.2	-127.4	0
38.4	-127.4	0
38.6	-127.4	0
38.8	-127.4	0
39	-127.4	0
39.2	-127.4	0
39.4	-127.4	0
39.6	-127.4	0
39.8	-127.4	0.01
40	-127.4	0.01
40.2	-127.4	44.62
40.4	-127.4	69.4
40.6	-127.4	67.96
40.8	-127.4	48.59
41	-127.4	46.1
41.2	-127.4	52.49
41.4	-127.4	58.14
41.6	-127.4	55.29
41.8	-127.4	13.68
42	-127.4	7.63
42.2	-127.4	8.85
42.4	-127.4	10.07
42.6	-127.4	9.25
42.8	-127.4	0.97
43	-127.4	0.05
43.2	-127.4	62.91
43.4	-127.4	86.3
43.6	-127.4	88.49
43.8	-127.4	98.69
44	-127.4	98.91
44.2	-127.4	89.64
44.4	-127.4	0.03
44.6	-127.4	0.03
44.8	-127.4	0.01
45	-127.4	0
45.2	-127.4	0
45.4	-127.4	0
45.6	-127.4	0
45.8	-127.4	0
46	-127.4	0
46.2	-127.4	0
46.4	-127.4	0
46.6	-127.4	0
46.8	-127.4	0
47	-127.4	0
47.2	-127.4	0
47.4	-127.4	0
47.6	-127.4	0
47.8	-127.4	0.01
48	-127.4	0.01
48.2	-127.4	0.01
48.4	-127.4	0.02
48.6	-127.4	0.25
48.8	-127.4	11.93
49	-127.4	12.25
49.2	-127.4	43.63
49.4	-127.4	63.97
49.6	-127.4	65.43
49.8	-127.4	64.83
50	-127.4	66.15
50.2	-127.4	41.93
50.4	-127.4	0.03
50.6	-127.4	0.02
50.8	-127.4	0.01
38	-127.2	0.01
38.2	-127.2	0
38.4	-127.2	0
38.6	-127.2	0
38.8	-127.2	0
39	-127.2	0
39.2	-127.2	0
39.4	-127.2	0
39.6	-127.2	0
39.8	-127.2	0.01
40	-127.2	0.01
40.2	-127.2	49.98
40.4	-127.2	75.08
40.6	-127.2	73.93
40.8	-127.2	54.32
41	-127.2	52.12
41.2	-127.2	58.47
41.4	-127.2	64.02
41.6	-127.2	61.57
41.8	-127.2	15.12
42	-127.2	9.07
42.2	-127.2	10.52
42.4	-127.2	11.96
42.6	-127.2	11.16
42.8	-127.2	0.99
43	-127.2	0.05
43.2	-127.2	69.77
43.4	-127.2	90.93
43.6	-127.2	92.39
43.8	-127.2	98.91
44	-127.2	99.09
44.2	-127.2	90.56
44.4	-127.2	0.03
44.6	-127.2	0.03
44.8	-127.2	0.01
45	-127.2	0
45.2	-127.2	0
45.4	-127.2	0
45.6	-127.2	0
45.8	-127.2	0
46	-127.2	0
46.2	-127.2	0
46.4	-127.2	0
46.6	-127.2	0
46.8	-127.2	0
47	-127.2	0
47.2	-127.2	0
47.4	-127.2	0
47.6	-127.2	0
47.8	-127.2	0.01
48	-127.2	0.01
48.2	-127.2	0.01
48.4	-127.2	0.01
48.6	-127.2	0.01
48.8	-127.2	0.02
49	-127.2	0.03
49.2	-127.2	26.61
49.4	-127.2	46.25
49.6	-127.2	48.8
49.8	-127.2	70.05
50	-127.2	71.55
50.2	-127.2	46.81
50.4	-127.2	0.03
50.6	-127.2	0.02
50.8	-127.2	0.01
38	-127	0.01
38.2	-127	0
38.4	-127	0
38.6	-127	0
38.8	-127	0
39	-127	0
39.2	-127	0
39.4	-127	0
39.6	-127	0
39.8	-127	0.01
40	-127	0.01
40.2	-127	41.24
40.4	-127	65.57
40.6	-127	64.09
40.8	-127	39.61
41	-127	36.89
41.2	-127	41.26
41.4	-127	45.35
41.6	-127	48.58
41.8	-127	74.02
42	-127	75.62
42.2	-127	66.64
42.4	-127	54.26
42.6	-127	52.77
42.8	-127	29.76
43	-127	27.35
43.2	-127	78.74
43.4	-127	93.83
43.6	-127	93.73
43.8	-127	91.76
44	-127	91.62
44.2	-127	71.17
44.4	-127	0.02
44.6	-127	0.02
44.8	-127	0
45	-127	0
45.2	-127	0
45.4	-127	0
45.6	-127	0
45.8	-127	0
46	-127	0
46.2	-127	0
46.4	-127	0
46.6	-127	0
46.8	-127	0
47	-127	0
47.2	-127	0
47.4	-127	0
47.6	-127	0
47.8	-127	0
48	-127	0
48.2	-127	0.01
48.4	-127	0.01
48.6	-127	0.01
48.8	-127	0.02
49	-127	0.02
49.2	-127	20.81
49.4	-127	37.39
49.6	-127	40.45
49.8	-127	65.92
50	-127	67.68
50.2	-127	43.29
50.4	-127	0.02
50.6	-127	0.02
50.8	-127	0.01
38	-126.8	0.01
38.2	-126.8	0
38.4	-126.8	0
38.6	-126.8	0
38.8	-126.8	0
39	-126.8	0
39.2	-126.8	0
39.4	-126.8	0.01
39.6	-126.8	0.01
39.8	-126.8	0.02
40	-126.8	0.02
40.2	-126.8	30.97
40.4	-126.8	52.44
40.6	-126.8	50.52
40.8	-126.8	20.17
41	-126.8	16.81
41.2	-126.8	16.91
41.4	-126.8	17
41.6	-126.8	31.21
41.8	-126.8	92.05
42	-126.8	93.46
42.2	-126.8	87.56
42.4	-126.8	76.24
42.6	-126.8	74.89
42.8	-126.8	50.17
43	-126.8	47.2
43.2	-126.8	85.05
43.4	-126.8	95.8
43.6	-126.8	94.84
43.8	-126.8	37.61
44	-126.8	22.5
44.2	-126.8	12.01
44.4	-126.8	0.02
44.6	-126.8	0.01
44.8	-126.8	0
45	-126.8	0
45.2	-126.8	0
45.4	-126.8	0
45.6	-126.8	0
45.8	-126.8	0
46	-126.8	0
46.2	-126.8	0
46.4	-126.8	0
46.6	-126.8	0
46.8	-126.8	0
47	-126.8	0
47.2	-126.8	0
47.4	-126.8	0
47.6	-126.8	0
47.8	-126.8	0
48	-126.8	0
48.2	-126.8	0
48.4	-126.8	0.01
48.6	-126.8	0.01
48.8	-126.8	0.01
49	-126.8	0.01
49.2	-126.8	14.54
49.4	-126.8	27.07
49.6	-126.8	30.74
49.8	-126.8	61.22
50	-126.8	63.28
50.2	-126.8	39.54
50.4	-126.8	0.02
50.6	-126.8	0.01
50.8	-126.8	0.01
38	-126.6	0.01
38.2	-126.6	0
38.4	-126.6	0
38.6	-126.6	0
38.8	-126.6	0
39	-126.6	0
39.2	-126.6	0
39.4	-126.6	0.01
39.6	-126.6	0.01
39.8	-126.6	0.02
40	-126.6	0.02
40.2	-126.6	32.99
40.4	-126.6	55.21
40.6	-126.6	53.43
40.8	-126.6	25.86
41	-126.6	22.8
41.2	-126.6	18.77
41.4	-126.6	14.46
41.6	-126.6	28.86
41.8	-126.6	88.34
42	-126.6	90.36
42.2	-126.6	83.61
42.4	-126.6	72.08
42.6	-126.6	70.5
42.8	-126.6	49.01
43	-126.6	46.04
43.2	-126.6	82.98
43.4	-126.6	94.67
43.6	-126.6	93.45
43.8	-126.6	34.65
44	-126.6	18.97
44.2	-126.6	10.01
44.4	-126.6	0.01
44.6	-126.6	0.01
44.8	-126.6	0
45	-126.6	0
45.2	-126.6	0
45.4	-126.6	0
45.6	-126.6	0
45.8	-126.6	0
46	-126.6	0
46.2	-126.6	0
46.4	-126.6	0
46.6	-126.6	0
46.8	-126.6	0
47	-126.6	0
47.2	-126.6	0
47.4	-126.6	0
47.6	-126.6	0
47.8	-126.6	0
48	-126.6	0
48.2	-126.6	0
48.4	-126.6	0
48.6	-126.6	0.01
48.8	-126.6	0.01
49	-126.6	0.01
49.2	-126.6	13.03
49.4	-126.6	24.42
49.6	-126.6	27.95
49.8	-126.6	52.54
50	-126.6	54.81
50.2	-126.6	32.86
50.4	-126.6	0.01
50.6	-126.6	0.01
50.8	-126.6	0.01
38	-126.4	0
38.2	-126.4	0
38.4	-126.4	0
38.6	-126.4	0
38.8	-126.4	0
39	-126.4	0
39.2	-126.4	0.01
39.4	-126.4	0.01
39.6	-126.4	0.01
39.8	-126.4	0.04
40	-126.4	0.04
40.2	-126.4	41.13
40.4	-126.4	65.43
40.6	-126.4	64.27
40.8	-126.4	45.56
41	-126.4	43.65
41.2	-126.4	26.12
41.4	-126.4	3.05
41.6	-126.4	6.01
41.8	-126.4	51.82
42	-126.4	53.5
42.2	-126.4	50.4
42.4	-126.4	47
42.6	-126.4	47.21
42.8	-126.4	41.13
43	-126.4	41.29
43.2	-126.4	72.02
43.4	-126.4	86.75
43.6	-126.4	84.96
43.8	-126.4	16.44
44	-126.4	4.37
44.2	-126.4	2.23
44.4	-126.4	0.01
44.6	-126.4	0.01
44.8	-126.4	0
45	-126.4	0
45.2	-126.4	0
45.4	-126.4	0
45.6	-126.4	0
45.8	-126.4	0
46	-126.4	0
46.2	-126.4	0
46.4	-126.4	0
46.6	-126.4	0
46.8	-126.4	0
47	-126.4	0
47.2	-126.4	0
47.4	-126.4	0
47.6	-126.4	0
47.8	-126.4	0
48	-126.4	0
48.2	-126.4	0
48.4	-126.4	0
48.6	-126.4	0
48.8	-126.4	0.01
49	-126.4	0.01
49.2	-126.4	8.47
49.4	-126.4	16.3
49.6	-126.4	15.76
49.8	-126.4	19.08
50	-126.4	18.65
50.2	-126.4	9.9
50.4	-126.4	0.01
50.6	-126.4	0.01
50.8	-126.4	0
38	-126.2	0
38.2	-126.2	0
38.4	-126.2	0
38.6	-126.2	0
38.8	-126.2	0
39	-126.2	0
39.2	-126.2	0.01
39.4	-126.2	0.01
39.6	-126.2	0.01
39.8	-126.2	0.04
40	-126.2	0.04
40.2	-126.2	42.86
40.4	-126.2	67.44
40.6	-126.2	66.37
40.8	-126.2	49.44
41	-126.2	47.7
41.2	-126.2	27.78
41.4	-126.2	0.08
41.6	-126.2	2.81
41.8	-126.2	29.38
42	-126.2	31.39
42.2	-126.2	34.63
42.4	-126.2	37.73
42.6	-126.2	37.97
42.8	-126.2	39.76
43	-126.2	40.01
43.2	-126.2	68.16
43.4	-126.2	83.17
43.6	-126.2	80.9
43.8	-126.2	12.47
44	-126.2	0.02
44.2	-126.2	0.01
44.4	-126.2	0.01
44.6	-126.2	0.01
44.8	-126.2	0
45	-126.2	0
45.2	-126.2	0
45.4	-126.2	0
45.6	-126.2	0
45.8	-126.2	0
46	-126.2	0
46.2	-126.2	0
46.4	-126.2	0
46.6	-126.2	0
46.8	-126.2	0
47	-126.2	0
47.2	-126.2	0
47.4	-126.2	0
47.6	-126.2	0
47.8	-126.2	0
48	-126.2	0
48.2	-126.2	0
48.4	-126.2	0
48.6	-126.2	0
48.8	-126.2	0
49	-126.2	0
49.2	-126.2	6.93
49.4	-126.2	13.45
49.6	-126.2	12.61
49.8	-126.2	1.13
50	-126.2	0.08
50.2	-126.2	0.05
50.4	-126.2	0.01
50.6	-126.2	0.01
50.8	-126.2	0
38	-126	0
38.2	-126	0
38.4	-126	0
38.6	-126	0
38.8	-126	0
39	-126	0
39.2	-126	0.01
39.4	-126	0.01
39.6	-126	0.02
39.8	-126	0.05
40	-126	0.05
40.2	-126	43.13
40.4	-126	67.75
40.6	-126	66.44
40.8	-126	45.01
41	-126	42.67
41.2	-126	27.79
41.4	-126	8.91
41.6	-126	11.73
41.8	-126	38.36
42	-126	40.35
42.2	-126	39
42.4	-126	37.62
42.6	-126	36.69
42.8	-126	23.75
43	-126	22.56
43.2	-126	43.58
43.4	-126	58.98
43.6	-126	56.51
43.8	-126	11.8
44	-126	6.2
44.2	-126	3.16
44.4	-126	0
44.6	-126	0
44.8	-126	0
45	-126	0
45.2	-126	0
45.4	-126	0
45.6	-126	0
45.8	-126	0
46	-126	0
46.2	-126	0
46.4	-126	0
46.6	-126	0
46.8	-126	0
47	-126	0
47.2	-126	0
47.4	-126	0
47.6	-126	0
47.8	-126	0
48	-126	0
48.2	-126	0
48.4	-126	0
48.6	-126	0
48.8	-126	0
49	-126	0
49.2	-126	19.34
49.4	-126	35.04
49.6	-126	33.42
49.8	-126	9.76
50	-126	7.36
50.2	-126	3.77
50.4	-126	0.01
50.6	-126	0
50.8	-126	0
38	-125.8	0
38.2	-125.8	0
38.4	-125.8	0
38.6	-125.8	0
38.8	-125.8	0
39	-125.8	0
39.2	-125.8	0.01
39.4	-125.8	0.02
39.6	-125.8	0.02
39.8	-125.8	0.05
40	-125.8	0.05
40.2	-125.8	43.39
40.4	-125.8	68.05
40.6	-125.8	66.5
40.8	-125.8	40.18
41	-125.8	37.15
41.2	-125.8	27.79
41.4	-125.8	16.96
41.6	-125.8	19.83
41.8	-125.8	46.19
42	-125.8	48.13
42.2	-125.8	43.09
42.4	-125.8	37.51
42.6	-125.8	35.39
42.8	-125.8	3.48
43	-125.8	0.03
43.2	-125.8	0.02
43.4	-125.8	0.01
43.6	-125.8	0.95
43.8	-125.8	11.13
44	-125.8	12
44.2	-125.8	6.21
44.4	-125.8	0
44.6	-125.8	0
44.8	-125.8	0
45	-125.8	0
45.2	-125.8	0
45.4	-125.8	0
45.6	-125.8	0
45.8	-125.8	0
46	-125.8	0
46.2	-125.8	0
46.4	-125.8	0
46.6	-125.8	0
46.8	-125.8	0
47	-125.8	0
47.2	-125.8	0
47.4	-125.8	0
47.6	-125.8	0
47.8	-125.8	0
48	-125.8	0
48.2	-125.8	0
48.4	-125.8	0
48.6	-125.8	0
48.8	-125.8	0
49	-125.8	0
49.2	-125.8	30.09
49.4	-125.8	51.25
49.6	-125.8	49.27
49.8	-125.8	17.65
50	-125.8	14.11
50.2	-125.8	7.35
50.4	-125.8	0
50.6	-125.8	0
50.8	-125.8	0
38	-125.6	0
38.2	-125.6	0
38.4	-125.6	0
38.6	-125.6	0
38.8	-125.6	0
39	-125.6	0
39.2	-125.6	0.01
39.4	-125.6	0.02
39.6	-125.6	0.03
39.8	-125.6	1.55
40	-125.6	1.58
40.2	-125.6	48.78
40.4	-125.6	73.47
40.6	-125.6	72.21
40.8	-125.6	46.15
41	-125.6	43.44
41.2	-125.6	34.56
41.4	-125.6	24.21
41.6	-125.6	26.8
41.8	-125.6	43.72
42	-125.6	45.66
42.2	-125.6	39.89
42.4	-125.6	33.46
42.6	-125.6	31.2
42.8	-125.6	3.41
43	-125.6	0.03
43.2	-125.6	0.02
43.4	-125.6	0.01
43.6	-125.6	0.92
43.8	-125.6	9.16
44	-125.6	10.01
44.2	-125.6	5.15
44.4	-125.6	0
44.6	-125.6	0
44.8	-125.6	0
45	-125.6	0
45.2	-125.6	0
45.4	-125.6	0
45.6	-125.6	0
45.8	-125.6	0
46	-125.6	0
46.2	-125.6	0
46.4	-125.6	0
46.6	-125.6	0
46.8	-125.6	0
47	-125.6	0
47.2	-125.6	0
47.4	-125.6	0
47.6	-125.6	0
47.8	-125.6	0
48	-125.6	0
48.2	-125.6	0
48.4	-125.6	0
48.6	-125.6	0
48.8	-125.6	0
49	-125.6	0
49.2	-125.6	24.89
49.4	-125.6	43.67
49.6	-125.6	41.46
49.8	-125.6	14.88
50	-125.6	11.42
50.2	-125.6	5.9
50.4	-125.6	0
50.6	-125.6	0
50.8	-125.6	0
38	-125.4	0
38.2	-125.4	0
38.4	-125.4	0
38.6	-125.4	0
38.8	-125.4	0
39	-125.4	0
39.2	-125.4	0.01
39.4	-125.4	0.02
39.6	-125.4	0.73
39.8	-125.4	7.31
40	-125.4	7.98
40.2	-125.4	66.85
40.4	-125.4	88.12
40.6	-125.4	87.08
40.8	-125.4	66.74
41	-125.4	63.72
41.2	-125.4	56.63
41.4	-125.4	48.1
41.6	-125.4	46.78
41.8	-125.4	36.03
42	-125.4	34.4
42.2	-125.4	25.16
42.4	-125.4	14.56
42.6	-125.4	13.98
42.8	-125.4	0.78
43	-125.4	0.02
43.2	-125.4	0.01
43.4	-125.4	0.01
43.6	-125.4	0.03
43.8	-125.4	2.17
44	-125.4	2.21
44.2	-125.4	1.12
44.4	-125.4	0
44.6	-125.4	0
44.8	-125.4	0
45	-125.4	0
45.2	-125.4	0
45.4	-125.4	0
45.6	-125.4	0
45.8	-125.4	0
46	-125.4	0
46.2	-125.4	0
46.4	-125.4	0
46.6	-125.4	0
46.8	-125.4	0
47	-125.4	0
47.2	-125.4	0
47.4	-125.4	0
47.6	-125.4	0
47.8	-125.4	0
48	-125.4	0
48.2	-125.4	0
48.4	-125.4	0
48.6	-125.4	0
48.8	-125.4	0
49	-125.4	0
49.2	-125.4	6.98
49.4	-125.4	13.59
49.6	-125.4	13.51
49.8	-125.4	3.3
50	-125.4	3.1
50.2	-125.4	1.58
50.4	-125.4	0
50.6	-125.4	0
50.8	-125.4	0
38	-125.2	0
38.2	-125.2	0
38.4	-125.2	0
38.6	-125.2	0
38.8	-125.2	0
39	-125.2	0
39.2	-125.2	0.01
39.4	-125.2	0.02
39.6	-125.2	0.74
39.8	-125.2	8.69
40	-125.2	9.38
40.2	-125.2	70
40.4	-125.2	90.13
40.6	-125.2	89.28
40.8	-125.2	70.05
41	-125.2	67.34
41.2	-125.2	60.69
41.4	-125.2	52.63
41.6	-125.2	51.4
41.8	-125.2	33.09
42	-125.2	31.27
42.2	-125.2	20.96
42.4	-125.2	9.02
42.6	-125.2	8.41
42.8	-125.2	0.72
43	-125.2	0.02
43.2	-125.2	0.01
43.4	-125.2	0.01
43.6	-125.2	0.01
43.8	-125.2	0
44	-125.2	0
44.2	-125.2	0
44.4	-125.2	0
44.6	-125.2	0
44.8	-125.2	0
45	-125.2	0
45.2	-125.2	0
45.4	-125.2	0
45.6	-125.2	0
45.8	-125.2	0
46	-125.2	0
46.2	-125.2	0
46.4	-125.2	0
46.6	-125.2	0
46.8	-125.2	0
47	-125.2	0
47.2	-125.2	0
47.4	-125.2	0
47.6	-125.2	0
47.8	-125.2	0
48	-125.2	0
48.2	-125.2	0
48.4	-125.2	0
48.6	-125.2	0
48.8	-125.2	0
49	-125.2	0
49.2	-125.2	0
49.4	-125.2	0
49.6	-125.2	0
49.8	-125.2	0
50	-125.2	0
50.2	-125.2	0
50.4	-125.2	0
50.6	-125.2	0
50.8	-125.2	0
38	-125	0
38.2	-125	0
38.4	-125	0
38.6	-125	0
38.8	-125	0
39	-125	0
39.2	-125	0.01
39.4	-125	0.01
39.6	-125	0.37
39.8	-125	4.45
40	-125	5.97
40.2	-125	47.13
40.4	-125	78.28
40.6	-125	92.23
40.8	-125	70.58
41	-125	62.54
41.2	-125	47.49
41.4	-125	38.83
41.6	-125	32.05
41.8	-125	18.65
42	-125	17.1
42.2	-125	11.1
42.4	-125	4.64
42.6	-125	5.42
42.8	-125	0.36
43	-125	0.01
43.2	-125	0.01
43.4	-125	0.01
43.6	-125	0.01
43.8	-125	0
44	-125	0
44.2	-125	3.16
44.4	-125	6.24
44.6	-125	5.81
44.8	-125	0.48
45	-125	0
45.2	-125	0
45.4	-125	0
45.6	-125	0
45.8	-125	0
46	-125	0
46.2	-125	0
46.4	-125	0
46.6	-125	0
46.8	-125	0
47	-125	0
47.2	-125	0
47.4	-125	0
47.6	-125	0.04
47.8	-125	0.45
48	-125	0.49
48.2	-125	0.25
48.4	-125	0
48.6	-125	0.04
48.8	-125	0.44
49	-125	0.48
49.2	-125	0.24
49.4	-125	0
49.6	-125	0
49.8	-125	0
50	-125	0
50.2	-125	0
50.4	-125	0
50.6	-125	0
50.8	-125	0
38	-124.8	0
38.2	-124.8	0
38.4	-124.8	0
38.6	-124.8	0
38.8	-124.8	0
39	-124.8	0
39.2	-124.8	0
39.4	-124.8	0
39.6	-124.8	0.56
39.8	-124.8	2.09
40	-124.8	3.68
40.2	-124.8	8.14
40.4	-124.8	47.39
40.6	-124.8	97.59
40.8	-124.8	79.03
41	-124.8	41.67
41.2	-124.8	26.1
41.4	-124.8	14.63
41.6	-124.8	2.79
41.8	-124.8	1.22
42	-124.8	0.03
42.2	-124.8	0.51
42.4	-124.8	7.07
42.6	-124.8	4
42.8	-124.8	0.01
43	-124.8	0.01
43.2	-124.8	0.01
43.4	-124.8	0
43.6	-124.8	0
43.8	-124.8	0
44	-124.8	0
44.2	-124.8	6.22
44.4	-124.8	12.09
44.6	-124.8	11.28
44.8	-124.8	0.96
45	-124.8	0
45.2	-124.8	0
45.4	-124.8	0
45.6	-124.8	0
45.8	-124.8	0
46	-124.8	0
46.2	-124.8	0
46.4	-124.8	0
46.6	-124.8	0
46.8	-124.8	0
47	-124.8	0
47.2	-124.8	0
47.4	-124.8	0
47.6	-124.8	0.07
47.8	-124.8	0.9
48	-124.8	0.98
48.2	-124.8	0.49
48.4	-124.8	0
48.6	-124.8	0.07
48.8	-124.8	0.89
49	-124.8	0.96
49.2	-124.8	0.48
49.4	-124.8	0
49.6	-124.8	0
49.8	-124.8	0
50	-124.8	0
50.2	-124.8	0
50.4	-124.8	0
50.6	-124.8	0
50.8	-124.8	0
38	-124.6	0
38.2	-124.6	0
38.4	-124.6	0
38.6	-124.6	0
38.8	-124.6	0
39	-124.6	1.23
39.2	-124.6	0.02
39.4	-124.6	0
39.6	-124.6	0.02
39.8	-124.6	1.19
40	-124.6	0.02
40.2	-124.6	3.99
40.4	-124.6	95.71
40.6	-124.6	100
40.8	-124.6	81
41	-124.6	49.84
41.2	-124.6	34.77
41.4	-124.6	20.26
41.6	-124.6	2.54
41.8	-124.6	3.83
42	-124.6	0.53
42.2	-124.6	1.22
42.4	-124.6	6.86
42.6	-124.6	4.19
42.8	-124.6	0.51
43	-124.6	0.01
43.2	-124.6	0.01
43.4	-124.6	0
43.6	-124.6	0
43.8	-124.6	0
44	-124.6	0
44.2	-124.6	5.15
44.4	-124.6	10.06
44.6	-124.6	9.27
44.8	-124.6	3.17
45	-124.6	2.31
45.2	-124.6	1.17
45.4	-124.6	0
45.6	-124.6	0
45.8	-124.6	0
46	-124.6	0
46.2	-124.6	0
46.4	-124.6	0
46.6	-124.6	0
46.8	-124.6	0
47	-124.6	0
47.2	-124.6	0
47.4	-124.6	0
47.6	-124.6	0.07
47.8	-124.6	0.72
48	-124.6	0.79
48.2	-124.6	0.4
48.4	-124.6	0
48.6	-124.6	0.07
48.8	-124.6	0.7
49	-124.6	0.77
49.2	-124.6	0.39
49.4	-124.6	0
49.6	-124.6	0
49.8	-124.6	0
50	-124.6	0
50.2	-124.6	0
50.4	-124.6	0
50.6	-124.6	0
50.8	-124.6	0
38	-124.4	0
38.2	-124.4	0
38.4	-124.4	0
38.6	-124.4	0
38.8	-124.4	0
39	-124.4	2.24
39.2	-124.4	0.6
39.4	-124.4	0
39.6	-124.4	0
39.8	-124.4	0
40	-124.4	0
40.2	-124.4	4.34
40.4	-124.4	98.93
40.6	-124.4	100
40.8	-124.4	79.41
41	-124.4	62.93
41.2	-124.4	33.09
41.4	-124.4	24.55
41.6	-124.4	2.33
41.8	-124.4	1.19
42	-124.4	3.79
42.2	-124.4	3.88
42.4	-124.4	4.19
42.6	-124.4	1.16
42.8	-124.4	0.03
43	-124.4	0
43.2	-124.4	0
43.4	-124.4	0
43.6	-124.4	0
43.8	-124.4	0
44	-124.4	0
44.2	-124.4	1.12
44.4	-124.4	2.25
44.6	-124.4	3.15
44.8	-124.4	9.28
45	-124.4	10.12
45.2	-124.4	5.21
45.4	-124.4	0
45.6	-124.4	0
45.8	-124.4	0
46	-124.4	0
46.2	-124.4	0
46.4	-124.4	0
46.6	-124.4	0
46.8	-124.4	0
47	-124.4	0
47.2	-124.4	0
47.4	-124.4	0
47.6	-124.4	0.01
47.8	-124.4	0.19
48	-124.4	0.19
48.2	-124.4	0.1
48.4	-124.4	0
48.6	-124.4	0
48.8	-124.4	0.19
49	-124.4	0.19
49.2	-124.4	0.1
49.4	-124.4	0
49.6	-124.4	0
49.8	-124.4	0
50	-124.4	0
50.2	-124.4	0
50.4	-124.4	0
50.6	-124.4	0
50.8	-124.4	0
38	-124.2	0
38.2	-124.2	0
38.4	-124.2	0
38.6	-124.2	0
38.8	-124.2	0
39	-124.2	0.02
39.2	-124.2	1.26
39.4	-124.2	0
39.6	-124.2	0
39.8	-124.2	0.03
40	-124.2	2.94
40.2	-124.2	6.84
40.4	-124.2	81.6
40.6	-124.2	94.25
40.8	-124.2	68.86
41	-124.2	55.24
41.2	-124.2	24.49
41.4	-124.2	18.89
41.6	-124.2	4.06
41.8	-124.2	4.36
42	-124.2	2.35
42.2	-124.2	0.07
42.4	-124.2	1.17
42.6	-124.2	1.84
42.8	-124.2	0.51
43	-124.2	0
43.2	-124.2	0
43.4	-124.2	0
43.6	-124.2	0
43.8	-124.2	0
44	-124.2	0
44.2	-124.2	0
44.4	-124.2	0
44.6	-124.2	0.95
44.8	-124.2	11.31
45	-124.2	12.19
45.2	-124.2	6.32
45.4	-124.2	0
45.6	-124.2	0
45.8	-124.2	0
46	-124.2	0
46.2	-124.2	0
46.4	-124.2	0
46.6	-124.2	0
46.8	-124.2	0
47	-124.2	0
47.2	-124.2	0
47.4	-124.2	0
47.6	-124.2	0
47.8	-124.2	0
48	-124.2	0
48.2	-124.2	0
48.4	-124.2	0
48.6	-124.2	0
48.8	-124.2	0
49	-124.2	0
49.2	-124.2	0.02
49.4	-124.2	0.04
49.6	-124.2	0.05
49.8	-124.2	0
50	-124.2	0
50.2	-124.2	0
50.4	-124.2	0
50.6	-124.2	0
50.8	-124.2	0
38	-124	0
38.2	-124	0
38.4	-124	0
38.6	-124	0
38.8	-124	0
39	-124	0.6
39.2	-124	2.86
39.4	-124	2.25
39.6	-124	1.22
39.8	-124	1.13
40	-124	5.85
40.2	-124	5.34
40.4	-124	29.18
40.6	-124	45.8
40.8	-124	46.28
41	-124	40.16
41.2	-124	20.75
41.4	-124	11.23
41.6	-124	6.4
41.8	-124	4.6
42	-124	4.96
42.2	-124	0.53
42.4	-124	1.88
42.6	-124	1.16
42.8	-124	0.03
43	-124	0
43.2	-124	0
43.4	-124	0
43.6	-124	0
43.8	-124	0
44	-124	0
44.2	-124	0
44.4	-124	0
44.6	-124	0.51
44.8	-124	6.16
45	-124	6.66
45.2	-124	3.4
45.4	-124	0
45.6	-124	0
45.8	-124	0
46	-124	0
46.2	-124	0
46.4	-124	0
46.6	-124	0
46.8	-124	0
47	-124	0
47.2	-124	7.83
47.4	-124	15.09
47.6	-124	14.1
47.8	-124	1.22
48	-124	0
48.2	-124	0
48.4	-124	0
48.6	-124	0
48.8	-124	0
49	-124	0
49.2	-124	3.63
49.4	-124	7.15
49.6	-124	6.67
49.8	-124	0.55
50	-124	0
50.2	-124	0
50.4	-124	0
50.6	-124	0
50.8	-124	0
38	-123.8	0
38.2	-123.8	0
38.4	-123.8	0
38.6	-123.8	0.81
38.8	-123.8	4.56
39	-123.8	7.9
39.2	-123.8	2.95
39.4	-123.8	29.74
39.6	-123.8	12.23
39.8	-123.8	3.97
40	-123.8	3.3
40.2	-123.8	12.75
40.4	-123.8	25.36
40.6	-123.8	26.22
40.8	-123.8	34.17
41	-123.8	42.09
41.2	-123.8	17.15
41.4	-123.8	65.28
41.6	-123.8	30.06
41.8	-123.8	2.52
42	-123.8	4.25
42.2	-123.8	0.55
42.4	-123.8	1.18
42.6	-123.8	0
42.8	-123.8	0
43	-123.8	0
43.2	-123.8	0
43.4	-123.8	0
43.6	-123.8	0
43.8	-123.8	0
44	-123.8	0
44.2	-123.8	0
44.4	-123.8	0
44.6	-123.8	0.06
44.8	-123.8	0.72
45	-123.8	0.78
45.2	-123.8	0.39
45.4	-123.8	0
45.6	-123.8	0
45.8	-123.8	0
46	-123.8	0
46.2	-123.8	0
46.4	-123.8	0
46.6	-123.8	0
46.8	-123.8	0
47	-123.8	0
47.2	-123.8	15.04
47.4	-123.8	27.9
47.6	-123.8	26.21
47.8	-123.8	2.42
48	-123.8	0
48.2	-123.8	0
48.4	-123.8	0
48.6	-123.8	0
48.8	-123.8	0
49	-123.8	0
49.2	-123.8	7.11
49.4	-123.8	13.76
49.6	-123.8	12.85
49.8	-123.8	1.1
50	-123.8	0
50.2	-123.8	0
50.4	-123.8	0
50.6	-123.8	0
50.8	-123.8	0
38	-123.6	0
38.2	-123.6	3.12
38.4	-123.6	0.82
38.6	-123.6	0.83
38.8	-123.6	12.67
39	-123.6	22.24
39.2	-123.6	15.29
39.4	-123.6	25.38
39.6	-123.6	13.82
39.8	-123.6	17.41
40	-123.6	15.03
40.2	-123.6	8.38
40.4	-123.6	20.22
40.6	-123.6	27.36
40.8	-123.6	28.81
41	-123.6	30.37
41.2	-123.6	25.02
41.4	-123.6	55.37
41.6	-123.6	10.18
41.8	-123.6	1.74
42	-123.6	1.92
42.2	-123.6	0.52
42.4	-123.6	0
42.6	-123.6	0
42.8	-123.6	0
43	-123.6	0
43.2	-123.6	0
43.4	-123.6	0
43.6	-123.6	0
43.8	-123.6	0
44	-123.6	0
44.2	-123.6	0
44.4	-123.6	0
44.6	-123.6	0.06
44.8	-123.6	0.58
45	-123.6	0.64
45.2	-123.6	0.32
45.4	-123.6	0
45.6	-123.6	0
45.8	-123.6	0
46	-123.6	0
46.2	-123.6	0.19
46.4	-123.6	0.38
46.6	-123.6	0.37
46.8	-123.6	0.01
47	-123.6	0
47.2	-123.6	15.08
47.4	-123.6	27.96
47.6	-123.6	26.4
47.8	-123.6	11.17
48	-123.6	9.2
48.2	-123.6	4.75
48.4	-123.6	0
48.6	-123.6	0
48.8	-123.6	0
49	-123.6	0
49.2	-123.6	5.73
49.4	-123.6	11.16
49.6	-123.6	10.25
49.8	-123.6	1.04
50	-123.6	0
50.2	-123.6	0
50.4	-123.6	0
50.6	-123.6	0
50.8	-123.6	0
38	-123.4	0
38.2	-123.4	2.49
38.4	-123.4	0.02
38.6	-123.4	1.61
38.8	-123.4	13.77
39	-123.4	10.81
39.2	-123.4	10.63
39.4	-123.4	15.92
39.6	-123.4	48.4
39.8	-123.4	45.18
40	-123.4	30.54
40.2	-123.4	3.59
40.4	-123.4	11.11
40.6	-123.4	16.16
40.8	-123.4	22.52
41	-123.4	28.19
41.2	-123.4	26.43
41.4	-123.4	37.36
41.6	-123.4	15.48
41.8	-123.4	1.99
42	-123.4	1.19
42.2	-123.4	0.02
42.4	-123.4	0
42.6	-123.4	0
42.8	-123.4	0
43	-123.4	0
43.2	-123.4	0
43.4	-123.4	0
43.6	-123.4	0
43.8	-123.4	0
44	-123.4	0
44.2	-123.4	0
44.4	-123.4	0
44.6	-123.4	0
44.8	-123.4	0.14
45	-123.4	0.14
45.2	-123.4	0.07
45.4	-123.4	0
45.6	-123.4	0
45.8	-123.4	0
46	-123.4	0
46.2	-123.4	0.81
46.4	-123.4	1.62
46.6	-123.4	1.48
46.8	-123.4	0.15
47	-123.4	0
47.2	-123.4	15.2
47.4	-123.4	28.17
47.6	-123.4	28.98
47.8	-123.4	32.05
48	-123.4	32.8
48.2	-123.4	18.07
48.4	-123.4	0
48.6	-123.4	0
48.8	-123.4	0
49	-123.4	0
49.2	-123.4	1.48
49.4	-123.4	2.97
49.6	-123.4	2.94
49.8	-123.4	0.06
50	-123.4	0
50.2	-123.4	0
50.4	-123.4	0
50.6	-123.4	0
50.8	-123.4	0
38	-123.2	0
38.2	-123.2	0.02
38.4	-123.2	0
38.6	-123.2	0.02
38.8	-123.2	2.48
39	-123.2	11.88
39.2	-123.2	46.12
39.4	-123.2	36.47
39.6	-123.2	64.91
39.8	-123.2	36.34
40	-123.2	17.99
40.2	-123.2	7.83
40.4	-123.2	21.11
40.6	-123.2	6.53
40.8	-123.2	7.22
41	-123.2	17.26
41.2	-123.2	17.93
41.4	-123.2	35.75
41.6	-123.2	10.48
41.8	-123.2	0
42	-123.2	0
42.2	-123.2	0
42.4	-123.2	0
42.6	-123.2	0
42.8	-123.2	0
43	-123.2	0
43.2	-123.2	0
43.4	-123.2	0
43.6	-123.2	0
43.8	-123.2	0
44	-123.2	0
44.2	-123.2	0
44.4	-123.2	0
44.6	-123.2	0
44.8	-123.2	0
45	-123.2	0
45.2	-123.2	0
45.4	-123.2	0
45.6	-123.2	0
45.8	-123.2	0
46	-123.2	0
46.2	-123.2	0.99
46.4	-123.2	1.98
46.6	-123.2	1.84
46.8	-123.2	0.15
47	-123.2	0
47.2	-123.2	15.24
47.4	-123.2	28.24
47.6	-123.2	29.16
47.8	-123.2	38.15
48	-123.2	38.98
48.2	-123.2	21.96
48.4	-123.2	0
48.6	-123.2	0
48.8	-123.2	0
49	-123.2	0
49.2	-123.2	0
49.4	-123.2	0
49.6	-123.2	0
49.8	-123.2	0
50	-123.2	0
50.2	-123.2	0
50.4	-123.2	0
50.6	-123.2	0
50.8	-123.2	0
38	-123	0
38.2	-123	0.87
38.4	-123	0
38.6	-123	0
38.8	-123	9.83
39	-123	98.98
39.2	-123	53.8
39.4	-123	32.08
39.6	-123	72.93
39.8	-123	36.8
40	-123	21.31
40.2	-123	14.29
40.4	-123	21.61
40.6	-123	3.66
40.8	-123	2.8
41	-123	6.42
41.2	-123	9.83
41.4	-123	5.3
41.6	-123	0.56
41.8	-123	0
42	-123	0
42.2	-123	0
42.4	-123	0
42.6	-123	0
42.8	-123	0
43	-123	0
43.2	-123	0
43.4	-123	0
43.6	-123	0
43.8	-123	0
44	-123	0
44.2	-123	0
44.4	-123	0
44.6	-123	0
44.8	-123	0
45	-123	0
45.2	-123	0.2
45.4	-123	0.4
45.6	-123	0.37
45.8	-123	0.03
46	-123	0
46.2	-123	0.5
46.4	-123	1
46.6	-123	1.01
46.8	-123	1.01
47	-123	1.01
47.2	-123	15.75
47.4	-123	28.38
47.6	-123	29.3
47.8	-123	38.28
48	-123	39.11
48.2	-123	22.24
48.4	-123	0.5
48.6	-123	0.46
48.8	-123	0.04
49	-123	0
49.2	-123	0
49.4	-123	0
49.6	-123	0
49.8	-123	0
50	-123	0
50.2	-123	0
50.4	-123	0
50.6	-123	0
50.8	-123	0
38	-122.8	0
38.2	-122.8	1.82
38.4	-122.8	48.16
38.6	-122.8	45.41
38.8	-122.8	90.93
39	-122.8	100
39.2	-122.8	98.54
39.4	-122.8	22.44
39.6	-122.8	52.92
39.8	-122.8	19.44
40	-122.8	41.21
40.2	-122.8	25.97
40.4	-122.8	62.27
40.6	-122.8	16.72
40.8	-122.8	1.88
41	-122.8	6.39
41.2	-122.8	4.49
41.4	-122.8	0.58
41.6	-122.8	0
41.8	-122.8	1.23
42	-122.8	0.02
42.2	-122.8	0
42.4	-122.8	0
42.6	-122.8	0
42.8	-122.8	0
43	-122.8	0
43.2	-122.8	0
43.4	-122.8	0
43.6	-122.8	0
43.8	-122.8	0
44	-122.8	0
44.2	-122.8	0
44.4	-122.8	0
44.6	-122.8	0
44.8	-122.8	0
45	-122.8	0
45.2	-122.8	0.39
45.4	-122.8	0.79
45.6	-122.8	0.73
45.8	-122.8	0.07
46	-122.8	0.01
46.2	-122.8	0.01
46.4	-122.8	0.01
46.6	-122.8	0.16
46.8	-122.8	1.86
47	-122.8	2.01
47.2	-122.8	16.25
47.4	-122.8	28.51
47.6	-122.8	29.43
47.8	-122.8	38.41
48	-122.8	39.25
48.2	-122.8	22.52
48.4	-122.8	0.99
48.6	-122.8	0.92
48.8	-122.8	0.08
49	-122.8	0
49.2	-122.8	0
49.4	-122.8	0
49.6	-122.8	0
49.8	-122.8	0
50	-122.8	0
50.2	-122.8	0
50.4	-122.8	0
50.6	-122.8	0
50.8	-122.8	0
38	-122.6	0
38.2	-122.6	7.51
38.4	-122.6	43.67
38.6	-122.6	60.5
38.8	-122.6	22.18
39	-122.6	99.98
39.2	-122.6	51.29
39.4	-122.6	11.93
39.6	-122.6	11.26
39.8	-122.6	9.55
40	-122.6	21.83
40.2	-122.6	14.14
40.4	-122.6	41.61
40.6	-122.6	1.18
40.8	-122.6	31.34
41	-122.6	10.34
41.2	-122.6	3.33
41.4	-122.6	0
41.6	-122.6	0
41.8	-122.6	2.01
42	-122.6	0.55
42.2	-122.6	0
42.4	-122.6	0
42.6	-122.6	0
42.8	-122.6	0
43	-122.6	0
43.2	-122.6	0
43.4	-122.6	0
43.6	-122.6	0
43.8	-122.6	0
44	-122.6	0
44.2	-122.6	0
44.4	-122.6	0
44.6	-122.6	0
44.8	-122.6	0
45	-122.6	0
45.2	-122.6	0.32
45.4	-122.6	0.65
45.6	-122.6	0.59
45.8	-122.6	0.06
46	-122.6	0.01
46.2	-122.6	7.54
46.4	-122.6	14.62
46.6	-122.6	14.74
46.8	-122.6	7.67
47	-122.6	7.72
47.2	-122.6	16.28
47.4	-122.6	24.05
47.6	-122.6	24.94
47.8	-122.6	32.48
48	-122.6	33.3
48.2	-122.6	18.7
48.4	-122.6	0.8
48.6	-122.6	0.85
48.8	-122.6	6.26
49	-122.6	6.36
49.2	-122.6	3.26
49.4	-122.6	0
49.6	-122.6	0
49.8	-122.6	0
50	-122.6	0
50.2	-122.6	0
50.4	-122.6	0
50.6	-122.6	0
50.8	-122.6	0
38	-122.4	0
38.2	-122.4	37
38.4	-122.4	32.81
38.6	-122.4	29.85
38.8	-122.4	24.64
39	-122.4	37.68
39.2	-122.4	22.87
39.4	-122.4	26.79
39.6	-122.4	5.21
39.8	-122.4	3.98
40	-122.4	6.06
40.2	-122.4	5.34
40.4	-122.4	6.57
40.6	-122.4	0.06
40.8	-122.4	51.31
41	-122.4	46.98
41.2	-122.4	8.18
41.4	-122.4	2.56
41.6	-122.4	0
41.8	-122.4	0
42	-122.4	0.02
42.2	-122.4	1.25
42.4	-122.4	68.56
42.6	-122.4	3.49
42.8	-122.4	0.03
43	-122.4	0
43.2	-122.4	0
43.4	-122.4	0
43.6	-122.4	0
43.8	-122.4	0
44	-122.4	0
44.2	-122.4	0
44.4	-122.4	0
44.6	-122.4	0
44.8	-122.4	0
45	-122.4	0
45.2	-122.4	0.07
45.4	-122.4	0.15
45.6	-122.4	0.15
45.8	-122.4	0.01
46	-122.4	0.01
46.2	-122.4	29.04
46.4	-122.4	49.72
46.6	-122.4	47.93
46.8	-122.4	26.84
47	-122.4	24.15
47.2	-122.4	16.36
47.4	-122.4	7.75
47.6	-122.4	7.85
47.8	-122.4	10.59
48	-122.4	10.72
48.2	-122.4	5.65
48.4	-122.4	0.2
48.6	-122.4	2.46
48.8	-122.4	21.2
49	-122.4	23.03
49.2	-122.4	12.3
49.4	-122.4	0
49.6	-122.4	0
49.8	-122.4	0
50	-122.4	0
50.2	-122.4	0
50.4	-122.4	0
50.6	-122.4	0
50.8	-122.4	0
38	-122.2	0
38.2	-122.2	70.62
38.4	-122.2	42.27
38.6	-122.2	33.93
38.8	-122.2	27.33
39	-122.2	6.79
39.2	-122.2	5.99
39.4	-122.2	42.27
39.6	-122.2	18.82
39.8	-122.2	17.55
40	-122.2	16.93
40.2	-122.2	10.66
40.4	-122.2	19.53
40.6	-122.2	14.51
40.8	-122.2	37.15
41	-122.2	54.47
41.2	-122.2	7.56
41.4	-122.2	4.78
41.6	-122.2	0
41.8	-122.2	0
42	-122.2	3.11
42.2	-122.2	5.04
42.4	-122.2	88.95
42.6	-122.2	66.8
42.8	-122.2	0.62
43	-122.2	0
43.2	-122.2	0
43.4	-122.2	0
43.6	-122.2	0
43.8	-122.2	0
44	-122.2	0
44.2	-122.2	0
44.4	-122.2	0
44.6	-122.2	0
44.8	-122.2	0
45	-122.2	0
45.2	-122.2	0
45.4	-122.2	0
45.6	-122.2	0
45.8	-122.2	0.01
46	-122.2	0.01
46.2	-122.2	34.38
46.4	-122.2	57.07
46.6	-122.2	55.54
46.8	-122.2	31.17
47	-122.2	28.57
47.2	-122.2	16.38
47.4	-122.2	1.99
47.6	-122.2	1.99
47.8	-122.2	1.98
48	-122.2	1.99
48.2	-122.2	1.01
48.4	-122.2	0.01
48.6	-122.2	2.39
48.8	-122.2	26.05
49	-122.2	27.9
49.2	-122.2	15.14
49.4	-122.2	0
49.6	-122.2	0
49.8	-122.2	0
50	-122.2	0
50.2	-122.2	0
50.4	-122.2	0
50.6	-122.2	0
50.8	-122.2	0
38	-122	0
38.2	-122	68.37
38.4	-122	52.3
38.6	-122	10.31
38.8	-122	1.78
39	-122	0.02
39.2	-122	5
39.4	-122	19.79
39.6	-122	26.45
39.8	-122	38.1
40	-122	29.62
40.2	-122	7.81
40.4	-122	14.66
40.6	-122	19.56
40.8	-122	12.54
41	-122	7.88
41.2	-122	16.92
41.4	-122	24.49
41.6	-122	3.94
41.8	-122	13.87
42	-122	1.84
42.2	-122	3.33
42.4	-122	85.8
42.6	-122	78.45
42.8	-122	2.08
43	-122	0
43.2	-122	0
43.4	-122	0
43.6	-122	0
43.8	-122	0
44	-122	0
44.2	-122	0
44.4	-122	0
44.6	-122	0
44.8	-122	0
45	-122	0
45.2	-122	0.4
45.4	-122	0.79
45.6	-122	0.73
45.8	-122	0.07
46	-122	0.01
46.2	-122	19
46.4	-122	34.48
46.6	-122	33.74
46.8	-122	23.28
47	-122	22.35
47.2	-122	12.36
47.4	-122	1
47.6	-122	2.24
47.8	-122	15.4
48	-122	16.51
48.2	-122	10.92
48.4	-122	4.9
48.6	-122	5.7
48.8	-122	14.34
49	-122	15.11
49.2	-122	7.89
49.4	-122	0
49.6	-122	0
49.8	-122	0
50	-122	0
50.2	-122	0
50.4	-122	0
50.6	-122	0
50.8	-122	0
38	-121.8	0
38.2	-121.8	58.13
38.4	-121.8	36.28
38.6	-121.8	0.9
38.8	-121.8	0.04
39	-121.8	3.6
39.2	-121.8	0
39.4	-121.8	0.92
39.6	-121.8	8.32
39.8	-121.8	8.94
40	-121.8	9.04
40.2	-121.8	3
40.4	-121.8	4.56
40.6	-121.8	6.83
40.8	-121.8	9.97
41	-121.8	5.51
41.2	-121.8	24.08
41.4	-121.8	15.2
41.6	-121.8	2.44
41.8	-121.8	16.16
42	-121.8	0.03
42.2	-121.8	1.28
42.4	-121.8	52.27
42.6	-121.8	13.17
42.8	-121.8	0
43	-121.8	0
43.2	-121.8	0
43.4	-121.8	0
43.6	-121.8	0
43.8	-121.8	0
44	-121.8	0
44.2	-121.8	0
44.4	-121.8	0
44.6	-121.8	0
44.8	-121.8	0
45	-121.8	0
45.2	-121.8	0.79
45.4	-121.8	1.57
45.6	-121.8	1.46
45.8	-121.8	0.12
46	-121.8	0.01
46.2	-121.8	0.01
46.4	-121.8	0.01
46.6	-121.8	1.25
46.8	-121.8	14.48
47	-121.8	15.59
47.2	-121.8	8.16
47.4	-121.8	0
47.6	-121.8	2.48
47.8	-121.8	26.98
48	-121.8	28.88
48.2	-121.8	19.84
48.4	-121.8	9.55
48.6	-121.8	8.91
48.8	-121.8	0.78
49	-121.8	0.05
49.2	-121.8	0.03
49.4	-121.8	0
49.6	-121.8	0
49.8	-121.8	0
50	-121.8	0
50.2	-121.8	0
50.4	-121.8	0
50.6	-121.8	0
50.8	-121.8	0
38	-121.6	0
38.2	-121.6	1.94
38.4	-121.6	1.81
38.6	-121.6	0.02
38.8	-121.6	1.75
39	-121.6	6.5
39.2	-121.6	0.87
39.4	-121.6	3.3
39.6	-121.6	13.03
39.8	-121.6	14.49
40	-121.6	3.85
40.2	-121.6	3.35
40.4	-121.6	12.77
40.6	-121.6	11.59
40.8	-121.6	14.08
41	-121.6	27.47
41.2	-121.6	34.12
41.4	-121.6	2.53
41.6	-121.6	4.68
41.8	-121.6	12.17
42	-121.6	1.3
42.2	-121.6	0.03
42.4	-121.6	0
42.6	-121.6	0
42.8	-121.6	0
43	-121.6	0
43.2	-121.6	0
43.4	-121.6	0
43.6	-121.6	0
43.8	-121.6	0
44	-121.6	0
44.2	-121.6	0
44.4	-121.6	0
44.6	-121.6	0
44.8	-121.6	0
45	-121.6	0
45.2	-121.6	1.84
45.4	-121.6	3.67
45.6	-121.6	3.56
45.8	-121.6	0.15
46	-121.6	0
46.2	-121.6	0.01
46.4	-121.6	0.01
46.6	-121.6	1.39
46.8	-121.6	22.16
47	-121.6	23.36
47.2	-121.6	12.53
47.4	-121.6	0
47.6	-121.6	2.37
47.8	-121.6	22.09
48	-121.6	23.99
48.2	-121.6	16.28
48.4	-121.6	7.74
48.6	-121.6	7.11
48.8	-121.6	0.71
49	-121.6	0
49.2	-121.6	0
49.4	-121.6	0
49.6	-121.6	0
49.8	-121.6	0
50	-121.6	0
50.2	-121.6	0
50.4	-121.6	0
50.6	-121.6	0
50.8	-121.6	0
38	-121.4	0
38.2	-121.4	0.95
38.4	-121.4	3.37
38.6	-121.4	0.89
38.8	-121.4	0
39	-121.4	0.02
39.2	-121.4	1.87
39.4	-121.4	2.73
39.6	-121.4	11.75
39.8	-121.4	8.03
40	-121.4	0.02
40.2	-121.4	13.02
40.4	-121.4	60.65
40.6	-121.4	14.8
40.8	-121.4	11.16
41	-121.4	30.88
41.2	-121.4	9.69
41.4	-121.4	2.81
41.6	-121.4	0
41.8	-121.4	0
42	-121.4	2.09
42.2	-121.4	0.57
42.4	-121.4	0
42.6	-121.4	0
42.8	-121.4	0
43	-121.4	0
43.2	-121.4	0
43.4	-121.4	0
43.6	-121.4	0
43.8	-121.4	0
44	-121.4	0
44.2	-121.4	0
44.4	-121.4	0
44.6	-121.4	0
44.8	-121.4	0
45	-121.4	0
45.2	-121.4	5.48
45.4	-121.4	10.69
45.6	-121.4	9.84
45.8	-121.4	0.97
46	-121.4	0
46.2	-121.4	0
46.4	-121.4	0
46.6	-121.4	4.73
46.8	-121.4	41.2
47	-121.4	44.08
47.2	-121.4	25.28
47.4	-121.4	0
47.6	-121.4	0.11
47.8	-121.4	6.28
48	-121.4	6.44
48.2	-121.4	4.25
48.4	-121.4	1.96
48.6	-121.4	1.95
48.8	-121.4	0.04
49	-121.4	0
49.2	-121.4	0
49.4	-121.4	0
49.6	-121.4	0
49.8	-121.4	0
50	-121.4	0
50.2	-121.4	0
50.4	-121.4	0
50.6	-121.4	0
50.8	-121.4	0
38	-121.2	0
38.2	-121.2	1.82
38.4	-121.2	0
38.6	-121.2	0
38.8	-121.2	0
39	-121.2	0.89
39.2	-121.2	3.33
39.4	-121.2	0.91
39.6	-121.2	5.16
39.8	-121.2	0
40	-121.2	0.68
40.2	-121.2	21.16
40.4	-121.2	88.28
40.6	-121.2	30.44
40.8	-121.2	16.83
41	-121.2	33.61
41.2	-121.2	3.45
41.4	-121.2	0.02
41.6	-121.2	1.34
41.8	-121.2	0
42	-121.2	2.11
42.2	-121.2	0.58
42.4	-121.2	0
42.6	-121.2	0
42.8	-121.2	0
43	-121.2	0
43.2	-121.2	0
43.4	-121.2	0
43.6	-121.2	0
43.8	-121.2	0
44	-121.2	0
44.2	-121.2	0
44.4	-121.2	0
44.6	-121.2	0
44.8	-121.2	0
45	-121.2	0
45.2	-121.2	6.49
45.4	-121.2	12.6
45.6	-121.2	11.76
45.8	-121.2	1
46	-121.2	0
46.2	-121.2	0
46.4	-121.2	0
46.6	-121.2	4.87
46.8	-121.2	46.49
47	-121.2	49.23
47.2	-121.2	28.84
47.4	-121.2	0
47.6	-121.2	0
47.8	-121.2	0
48	-121.2	0
48.2	-121.2	0
48.4	-121.2	0
48.6	-121.2	0
48.8	-121.2	0
49	-121.2	0
49.2	-121.2	0
49.4	-121.2	0
49.6	-121.2	0
49.8	-121.2	0
50	-121.2	0
50.2	-121.2	0
50.4	-121.2	0
50.6	-121.2	0
50.8	-121.2	0
38	-121	0
38.2	-121	0
38.4	-121	0
38.6	-121	0.9
38.8	-121	3.38
39	-121	0
39.2	-121	0
39.4	-121	0.89
39.6	-121	3.35
39.8	-121	0
40	-121	8.68
40.2	-121	45.17
40.4	-121	69.69
40.6	-121	4
40.8	-121	8.37
41	-121	2.72
41.2	-121	1.39
41.4	-121	0.62
41.6	-121	3.51
41.8	-121	0
42	-121	3.42
42.2	-121	0.61
42.4	-121	0
42.6	-121	0
42.8	-121	0
43	-121	0
43.2	-121	0
43.4	-121	0
43.6	-121	0
43.8	-121	0
44	-121	0
44.2	-121	0
44.4	-121	0
44.6	-121	0
44.8	-121	0
45	-121	0
45.2	-121	3.3
45.4	-121	6.51
45.6	-121	6.06
45.8	-121	0.5
46	-121	0
46.2	-121	0.8
46.4	-121	1.6
46.6	-121	3.91
46.8	-121	26.94
47	-121	28.75
47.2	-121	18.39
47.4	-121	6.43
47.6	-121	5.99
47.8	-121	0.5
48	-121	0
48.2	-121	0
48.4	-121	0
48.6	-121	0
48.8	-121	0
49	-121	0
49.2	-121	0.26
49.4	-121	0.51
49.6	-121	0.48
49.8	-121	0.04
50	-121	0
50.2	-121	0
50.4	-121	0
50.6	-121	0
50.8	-121	0
38	-120.8	0
38.2	-120.8	3.41
38.4	-120.8	0.9
38.6	-120.8	0.02
38.8	-120.8	19.39
39	-120.8	52.82
39.2	-120.8	0
39.4	-120.8	50.31
39.6	-120.8	16.91
39.8	-120.8	14.64
40	-120.8	64.42
40.2	-120.8	62.65
40.4	-120.8	0.05
40.6	-120.8	5.12
40.8	-120.8	3.35
41	-120.8	1.37
41.2	-120.8	0.02
41.4	-120.8	1.2
41.6	-120.8	4.95
41.8	-120.8	2.18
42	-120.8	1.32
42.2	-120.8	0.03
42.4	-120.8	0
42.6	-120.8	0
42.8	-120.8	0
43	-120.8	0
43.2	-120.8	0
43.4	-120.8	0
43.6	-120.8	0
43.8	-120.8	0
44	-120.8	0
44.2	-120.8	0
44.4	-120.8	0
44.6	-120.8	0
44.8	-120.8	0
45	-120.8	0
45.2	-120.8	0
45.4	-120.8	0
45.6	-120.8	0
45.8	-120.8	0
46	-120.8	0
46.2	-120.8	1.59
46.4	-120.8	3.17
46.6	-120.8	2.95
46.8	-120.8	0.24
47	-120.8	0
47.2	-120.8	6.41
47.4	-120.8	12.44
47.6	-120.8	11.62
47.8	-120.8	0.99
48	-120.8	0
48.2	-120.8	0
48.4	-120.8	0
48.6	-120.8	0
48.8	-120.8	0
49	-120.8	0
49.2	-120.8	0.51
49.4	-120.8	1.02
49.6	-120.8	0.95
49.8	-120.8	0.08
50	-120.8	0
50.2	-120.8	0
50.4	-120.8	0
50.6	-120.8	0
50.8	-120.8	0
38	-120.6	0
38.2	-120.6	1.82
38.4	-120.6	0.02
38.6	-120.6	0
38.8	-120.6	0.48
39	-120.6	33.65
39.2	-120.6	2.09
39.4	-120.6	47.92
39.6	-120.6	44.26
39.8	-120.6	44.29
40	-120.6	71.7
40.2	-120.6	42.42
40.4	-120.6	4.03
40.6	-120.6	6.09
40.8	-120.6	2.36
41	-120.6	2.92
41.2	-120.6	1.23
41.4	-120.6	2.27
41.6	-120.6	1.4
41.8	-120.6	2.7
42	-120.6	1.35
42.2	-120.6	2.16
42.4	-120.6	0.59
42.6	-120.6	0
42.8	-120.6	0
43	-120.6	0
43.2	-120.6	0
43.4	-120.6	0
43.6	-120.6	0
43.8	-120.6	0
44	-120.6	0
44.2	-120.6	0
44.4	-120.6	0
44.6	-120.6	0
44.8	-120.6	0
45	-120.6	0
45.2	-120.6	0
45.4	-120.6	0
45.6	-120.6	0
45.8	-120.6	0
46	-120.6	0
46.2	-120.6	1.3
46.4	-120.6	2.58
46.6	-120.6	2.37
46.8	-120.6	0.23
47	-120.6	0
47.2	-120.6	5.21
47.4	-120.6	10.18
47.6	-120.6	9.37
47.8	-120.6	2.47
48	-120.6	1.59
48.2	-120.6	0.8
48.4	-120.6	0
48.6	-120.6	0
48.8	-120.6	0
49	-120.6	0
49.2	-120.6	0.41
49.4	-120.6	0.82
49.6	-120.6	0.75
49.8	-120.6	0.28
50	-120.6	0.21
50.2	-120.6	0.11
50.4	-120.6	0
50.6	-120.6	0
50.8	-120.6	0
38	-120.4	0
38.2	-120.4	0.89
38.4	-120.4	3.39
38.6	-120.4	0
38.8	-120.4	0
39	-120.4	1.89
39.2	-120.4	10.28
39.4	-120.4	89.93
39.6	-120.4	69.23
39.8	-120.4	48.77
40	-120.4	42.85
40.2	-120.4	34.02
40.4	-120.4	7.44
40.6	-120.4	1.34
40.8	-120.4	1.38
41	-120.4	0.02
41.2	-120.4	0.07
41.4	-120.4	4.07
41.6	-120.4	0.6
41.8	-120.4	3.14
42	-120.4	23.53
42.2	-120.4	11.8
42.4	-120.4	16.78
42.6	-120.4	0.06
42.8	-120.4	0
43	-120.4	0
43.2	-120.4	0
43.4	-120.4	0
43.6	-120.4	0
43.8	-120.4	0
44	-120.4	0
44.2	-120.4	0
44.4	-120.4	0
44.6	-120.4	0
44.8	-120.4	0
45	-120.4	0
45.2	-120.4	0
45.4	-120.4	0
45.6	-120.4	0
45.8	-120.4	0
46	-120.4	0
46.2	-120.4	0.3
46.4	-120.4	0.6
46.6	-120.4	0.6
46.8	-120.4	0.01
47	-120.4	0
47.2	-120.4	1.26
47.4	-120.4	2.52
47.6	-120.4	3.06
47.8	-120.4	5.86
48	-120.4	6.37
48.2	-120.4	3.25
48.4	-120.4	0
48.6	-120.4	0
48.8	-120.4	0
49	-120.4	0
49.2	-120.4	0.1
49.4	-120.4	0.21
49.6	-120.4	0.28
49.8	-120.4	0.75
50	-120.4	0.82
50.2	-120.4	0.41
50.4	-120.4	0
50.6	-120.4	0
50.8	-120.4	0
38	-120.2	0
38.2	-120.2	0.02
38.4	-120.2	1.82
38.6	-120.2	1.84
38.8	-120.2	7.87
39	-120.2	7.66
39.2	-120.2	1.83
39.4	-120.2	96.41
39.6	-120.2	82.95
39.8	-120.2	55.89
40	-120.2	27.89
40.2	-120.2	3.75
40.4	-120.2	4.88
40.6	-120.2	1.31
40.8	-120.2	0
41	-120.2	0
41.2	-120.2	1.26
41.4	-120.2	6.44
41.6	-120.2	2.26
41.8	-120.2	9.02
42	-120.2	41.31
42.2	-120.2	43.01
42.4	-120.2	31.25
42.6	-120.2	1.26
42.8	-120.2	0
43	-120.2	0
43.2	-120.2	0
43.4	-120.2	0
43.6	-120.2	0
43.8	-120.2	0
44	-120.2	0
44.2	-120.2	0
44.4	-120.2	0
44.6	-120.2	0
44.8	-120.2	0
45	-120.2	0
45.2	-120.2	0
45.4	-120.2	0
45.6	-120.2	0
45.8	-120.2	0
46	-120.2	0
46.2	-120.2	0
46.4	-120.2	0
46.6	-120.2	0
46.8	-120.2	0
47	-120.2	0
47.2	-120.2	0
47.4	-120.2	0
47.6	-120.2	0.6
47.8	-120.2	7.27
48	-120.2	7.86
48.2	-120.2	4.03
48.4	-120.2	0.03
48.6	-120.2	0.06
48.8	-120.2	0
49	-120.2	0
49.2	-120.2	0
49.4	-120.2	0
49.6	-120.2	0.08
49.8	-120.2	0.95
50	-120.2	1.03
50.2	-120.2	0.52
50.4	-120.2	0
50.6	-120.2	0