Latitude	Longitude	Prob (%)
		
25.0	-124.0	0.0
25.2	-124.0	0.0
25.4	-124.0	0.0
25.6	-124.0	0.0
25.8	-124.0	0.0
26.0	-124.0	0.0
26.2	-124.0	0.0
26.4	-124.0	0.0
26.6	-124.0	0.0
26.8	-124.0	0.0
27.0	-124.0	0.0
27.2	-124.0	0.0
27.4	-124.0	0.0
27.6	-124.0	0.0
27.8	-124.0	0.0
28.0	-124.0	0.0
28.2	-124.0	0.0
28.4	-124.0	0.0
28.6	-124.0	0.0
28.8	-124.0	0.0
29.0	-124.0	0.0
29.2	-124.0	0.0
29.4	-124.0	0.0
29.6	-124.0	0.0
29.8	-124.0	0.0
30.0	-124.0	0.0
30.2	-124.0	0.0
30.4	-124.0	0.0
30.6	-124.0	0.0
30.8	-124.0	0.0
31.0	-124.0	0.0
31.2	-124.0	0.0
31.4	-124.0	0.0
31.6	-124.0	0.0
31.8	-124.0	0.0
32.0	-124.0	0.0
32.2	-124.0	0.0
32.4	-124.0	0.0
32.6	-124.0	0.0
32.8	-124.0	0.0
33.0	-124.0	0.0
33.2	-124.0	0.0
33.4	-124.0	0.0
33.6	-124.0	2.76
33.8	-124.0	0.01
34.0	-124.0	0.0
34.2	-124.0	0.0
34.4	-124.0	0.0
34.6	-124.0	0.0
34.8	-124.0	0.0
35.0	-124.0	0.0
35.2	-124.0	1.56
35.4	-124.0	0.01
35.6	-124.0	0.0
35.8	-124.0	0.0
25.0	-123.8	0.0
25.2	-123.8	0.0
25.4	-123.8	0.0
25.6	-123.8	0.0
25.8	-123.8	0.0
26.0	-123.8	0.0
26.2	-123.8	0.0
26.4	-123.8	0.0
26.6	-123.8	0.0
26.8	-123.8	0.0
27.0	-123.8	0.0
27.2	-123.8	0.0
27.4	-123.8	0.0
27.6	-123.8	0.0
27.8	-123.8	0.0
28.0	-123.8	0.0
28.2	-123.8	0.0
28.4	-123.8	0.0
28.6	-123.8	0.0
28.8	-123.8	0.0
29.0	-123.8	0.0
29.2	-123.8	0.0
29.4	-123.8	0.0
29.6	-123.8	0.0
29.8	-123.8	0.0
30.0	-123.8	0.0
30.2	-123.8	0.0
30.4	-123.8	0.0
30.6	-123.8	0.0
30.8	-123.8	0.0
31.0	-123.8	0.0
31.2	-123.8	0.0
31.4	-123.8	0.0
31.6	-123.8	0.0
31.8	-123.8	0.0
32.0	-123.8	0.0
32.2	-123.8	0.0
32.4	-123.8	0.0
32.6	-123.8	0.0
32.8	-123.8	0.0
33.0	-123.8	0.0
33.2	-123.8	0.0
33.4	-123.8	0.0
33.6	-123.8	3.05
33.8	-123.8	0.77
34.0	-123.8	0.0
34.2	-123.8	0.0
34.4	-123.8	0.0
34.6	-123.8	0.0
34.8	-123.8	0.0
35.0	-123.8	0.0
35.2	-123.8	3.28
35.4	-123.8	0.84
35.6	-123.8	0.0
35.8	-123.8	0.0
25.0	-123.6	0.0
25.2	-123.6	0.0
25.4	-123.6	0.0
25.6	-123.6	0.0
25.8	-123.6	0.0
26.0	-123.6	0.0
26.2	-123.6	0.0
26.4	-123.6	0.0
26.6	-123.6	0.0
26.8	-123.6	0.0
27.0	-123.6	0.0
27.2	-123.6	0.0
27.4	-123.6	0.0
27.6	-123.6	0.0
27.8	-123.6	0.0
28.0	-123.6	0.0
28.2	-123.6	0.0
28.4	-123.6	0.0
28.6	-123.6	0.0
28.8	-123.6	0.0
29.0	-123.6	0.0
29.2	-123.6	0.0
29.4	-123.6	0.0
29.6	-123.6	0.0
29.8	-123.6	0.0
30.0	-123.6	0.0
30.2	-123.6	0.0
30.4	-123.6	0.0
30.6	-123.6	0.0
30.8	-123.6	0.0
31.0	-123.6	0.0
31.2	-123.6	0.0
31.4	-123.6	0.0
31.6	-123.6	0.0
31.8	-123.6	0.0
32.0	-123.6	0.0
32.2	-123.6	0.0
32.4	-123.6	0.0
32.6	-123.6	0.0
32.8	-123.6	0.0
33.0	-123.6	0.0
33.2	-123.6	0.0
33.4	-123.6	0.0
33.6	-123.6	0.0
33.8	-123.6	0.0
34.0	-123.6	0.0
34.2	-123.6	0.0
34.4	-123.6	0.0
34.6	-123.6	0.0
34.8	-123.6	0.0
35.0	-123.6	0.0
35.2	-123.6	0.0
35.4	-123.6	0.0
35.6	-123.6	0.0
35.8	-123.6	0.0
25.0	-123.4	0.0
25.2	-123.4	0.0
25.4	-123.4	0.0
25.6	-123.4	0.0
25.8	-123.4	0.0
26.0	-123.4	0.0
26.2	-123.4	0.0
26.4	-123.4	0.0
26.6	-123.4	0.0
26.8	-123.4	0.0
27.0	-123.4	0.0
27.2	-123.4	0.0
27.4	-123.4	0.0
27.6	-123.4	0.0
27.8	-123.4	0.0
28.0	-123.4	0.0
28.2	-123.4	0.0
28.4	-123.4	0.0
28.6	-123.4	0.0
28.8	-123.4	0.0
29.0	-123.4	0.0
29.2	-123.4	0.0
29.4	-123.4	0.0
29.6	-123.4	0.0
29.8	-123.4	0.0
30.0	-123.4	0.0
30.2	-123.4	0.0
30.4	-123.4	0.0
30.6	-123.4	0.0
30.8	-123.4	0.0
31.0	-123.4	0.0
31.2	-123.4	0.0
31.4	-123.4	0.0
31.6	-123.4	0.0
31.8	-123.4	0.0
32.0	-123.4	0.0
32.2	-123.4	0.0
32.4	-123.4	0.0
32.6	-123.4	0.0
32.8	-123.4	0.0
33.0	-123.4	0.0
33.2	-123.4	0.0
33.4	-123.4	0.0
33.6	-123.4	0.0
33.8	-123.4	0.0
34.0	-123.4	0.0
34.2	-123.4	0.0
34.4	-123.4	0.0
34.6	-123.4	0.0
34.8	-123.4	0.0
35.0	-123.4	0.0
35.2	-123.4	0.0
35.4	-123.4	0.0
35.6	-123.4	0.0
35.8	-123.4	0.0
25.0	-123.2	0.0
25.2	-123.2	0.0
25.4	-123.2	0.0
25.6	-123.2	0.0
25.8	-123.2	0.0
26.0	-123.2	0.0
26.2	-123.2	0.0
26.4	-123.2	0.0
26.6	-123.2	0.0
26.8	-123.2	0.0
27.0	-123.2	0.0
27.2	-123.2	0.0
27.4	-123.2	0.0
27.6	-123.2	0.0
27.8	-123.2	0.0
28.0	-123.2	0.0
28.2	-123.2	0.0
28.4	-123.2	0.0
28.6	-123.2	0.0
28.8	-123.2	0.0
29.0	-123.2	0.0
29.2	-123.2	0.0
29.4	-123.2	0.0
29.6	-123.2	0.0
29.8	-123.2	0.0
30.0	-123.2	0.0
30.2	-123.2	0.0
30.4	-123.2	0.0
30.6	-123.2	0.0
30.8	-123.2	0.0
31.0	-123.2	0.0
31.2	-123.2	0.0
31.4	-123.2	0.0
31.6	-123.2	0.0
31.8	-123.2	0.0
32.0	-123.2	0.0
32.2	-123.2	0.0
32.4	-123.2	0.0
32.6	-123.2	0.0
32.8	-123.2	0.0
33.0	-123.2	0.0
33.2	-123.2	0.0
33.4	-123.2	0.0
33.6	-123.2	0.0
33.8	-123.2	0.0
34.0	-123.2	0.0
34.2	-123.2	0.0
34.4	-123.2	0.0
34.6	-123.2	0.0
34.8	-123.2	0.0
35.0	-123.2	0.0
35.2	-123.2	0.0
35.4	-123.2	0.0
35.6	-123.2	0.0
35.8	-123.2	0.0
25.0	-123.0	0.0
25.2	-123.0	0.0
25.4	-123.0	0.0
25.6	-123.0	0.0
25.8	-123.0	0.0
26.0	-123.0	0.0
26.2	-123.0	0.0
26.4	-123.0	0.0
26.6	-123.0	0.0
26.8	-123.0	0.0
27.0	-123.0	0.0
27.2	-123.0	0.0
27.4	-123.0	0.0
27.6	-123.0	0.0
27.8	-123.0	0.0
28.0	-123.0	0.0
28.2	-123.0	0.0
28.4	-123.0	0.0
28.6	-123.0	0.0
28.8	-123.0	0.0
29.0	-123.0	0.0
29.2	-123.0	0.0
29.4	-123.0	0.0
29.6	-123.0	0.0
29.8	-123.0	0.0
30.0	-123.0	0.0
30.2	-123.0	0.0
30.4	-123.0	0.0
30.6	-123.0	0.0
30.8	-123.0	0.0
31.0	-123.0	0.0
31.2	-123.0	0.0
31.4	-123.0	0.0
31.6	-123.0	0.0
31.8	-123.0	0.0
32.0	-123.0	0.0
32.2	-123.0	0.0
32.4	-123.0	0.0
32.6	-123.0	0.0
32.8	-123.0	0.0
33.0	-123.0	0.0
33.2	-123.0	0.0
33.4	-123.0	0.0
33.6	-123.0	0.0
33.8	-123.0	0.0
34.0	-123.0	0.0
34.2	-123.0	0.0
34.4	-123.0	0.0
34.6	-123.0	0.0
34.8	-123.0	0.0
35.0	-123.0	0.0
35.2	-123.0	0.0
35.4	-123.0	0.0
35.6	-123.0	0.0
35.8	-123.0	0.0
25.0	-122.8	0.0
25.2	-122.8	0.0
25.4	-122.8	0.0
25.6	-122.8	0.0
25.8	-122.8	0.0
26.0	-122.8	0.0
26.2	-122.8	0.0
26.4	-122.8	0.0
26.6	-122.8	0.0
26.8	-122.8	0.0
27.0	-122.8	0.0
27.2	-122.8	0.0
27.4	-122.8	0.0
27.6	-122.8	0.0
27.8	-122.8	0.0
28.0	-122.8	0.0
28.2	-122.8	0.0
28.4	-122.8	0.0
28.6	-122.8	0.0
28.8	-122.8	0.0
29.0	-122.8	0.0
29.2	-122.8	0.0
29.4	-122.8	0.0
29.6	-122.8	0.0
29.8	-122.8	0.0
30.0	-122.8	0.0
30.2	-122.8	0.0
30.4	-122.8	0.0
30.6	-122.8	0.0
30.8	-122.8	0.0
31.0	-122.8	0.0
31.2	-122.8	0.0
31.4	-122.8	0.0
31.6	-122.8	0.0
31.8	-122.8	0.0
32.0	-122.8	0.0
32.2	-122.8	0.0
32.4	-122.8	0.0
32.6	-122.8	0.0
32.8	-122.8	0.0
33.0	-122.8	0.0
33.2	-122.8	0.0
33.4	-122.8	0.0
33.6	-122.8	0.0
33.8	-122.8	0.0
34.0	-122.8	0.0
34.2	-122.8	0.0
34.4	-122.8	0.0
34.6	-122.8	0.0
34.8	-122.8	0.0
35.0	-122.8	0.0
35.2	-122.8	0.0
35.4	-122.8	0.0
35.6	-122.8	0.0
35.8	-122.8	0.0
25.0	-122.6	0.0
25.2	-122.6	0.0
25.4	-122.6	0.0
25.6	-122.6	0.0
25.8	-122.6	0.0
26.0	-122.6	0.0
26.2	-122.6	0.0
26.4	-122.6	0.0
26.6	-122.6	0.0
26.8	-122.6	0.0
27.0	-122.6	0.0
27.2	-122.6	0.0
27.4	-122.6	0.0
27.6	-122.6	0.0
27.8	-122.6	0.0
28.0	-122.6	0.0
28.2	-122.6	0.0
28.4	-122.6	0.0
28.6	-122.6	0.0
28.8	-122.6	0.0
29.0	-122.6	0.0
29.2	-122.6	0.0
29.4	-122.6	0.0
29.6	-122.6	0.0
29.8	-122.6	0.0
30.0	-122.6	0.0
30.2	-122.6	0.0
30.4	-122.6	0.0
30.6	-122.6	0.0
30.8	-122.6	0.0
31.0	-122.6	0.0
31.2	-122.6	0.0
31.4	-122.6	0.0
31.6	-122.6	0.0
31.8	-122.6	0.0
32.0	-122.6	0.0
32.2	-122.6	0.0
32.4	-122.6	0.0
32.6	-122.6	0.0
32.8	-122.6	0.0
33.0	-122.6	0.0
33.2	-122.6	0.0
33.4	-122.6	0.0
33.6	-122.6	0.0
33.8	-122.6	0.0
34.0	-122.6	0.0
34.2	-122.6	0.0
34.4	-122.6	0.0
34.6	-122.6	0.0
34.8	-122.6	0.0
35.0	-122.6	0.0
35.2	-122.6	0.0
35.4	-122.6	0.0
35.6	-122.6	0.0
35.8	-122.6	0.0
25.0	-122.4	0.0
25.2	-122.4	0.0
25.4	-122.4	0.0
25.6	-122.4	0.0
25.8	-122.4	0.0
26.0	-122.4	0.0
26.2	-122.4	0.0
26.4	-122.4	0.0
26.6	-122.4	0.0
26.8	-122.4	0.0
27.0	-122.4	0.0
27.2	-122.4	0.0
27.4	-122.4	0.0
27.6	-122.4	0.0
27.8	-122.4	0.0
28.0	-122.4	0.0
28.2	-122.4	0.0
28.4	-122.4	0.0
28.6	-122.4	0.0
28.8	-122.4	0.0
29.0	-122.4	0.0
29.2	-122.4	0.0
29.4	-122.4	0.0
29.6	-122.4	0.0
29.8	-122.4	0.0
30.0	-122.4	0.0
30.2	-122.4	0.0
30.4	-122.4	0.0
30.6	-122.4	0.0
30.8	-122.4	0.0
31.0	-122.4	0.0
31.2	-122.4	0.0
31.4	-122.4	0.0
31.6	-122.4	0.0
31.8	-122.4	0.0
32.0	-122.4	0.0
32.2	-122.4	0.0
32.4	-122.4	0.0
32.6	-122.4	0.0
32.8	-122.4	0.0
33.0	-122.4	0.0
33.2	-122.4	0.0
33.4	-122.4	0.0
33.6	-122.4	0.0
33.8	-122.4	0.0
34.0	-122.4	0.0
34.2	-122.4	0.0
34.4	-122.4	0.0
34.6	-122.4	0.0
34.8	-122.4	0.0
35.0	-122.4	0.0
35.2	-122.4	0.0
35.4	-122.4	0.0
35.6	-122.4	0.0
35.8	-122.4	0.0
25.0	-122.2	0.0
25.2	-122.2	0.0
25.4	-122.2	0.0
25.6	-122.2	0.0
25.8	-122.2	0.0
26.0	-122.2	0.0
26.2	-122.2	0.0
26.4	-122.2	0.0
26.6	-122.2	0.0
26.8	-122.2	0.0
27.0	-122.2	0.0
27.2	-122.2	0.0
27.4	-122.2	0.0
27.6	-122.2	0.0
27.8	-122.2	0.0
28.0	-122.2	0.0
28.2	-122.2	0.0
28.4	-122.2	0.0
28.6	-122.2	0.0
28.8	-122.2	0.0
29.0	-122.2	0.0
29.2	-122.2	0.0
29.4	-122.2	0.0
29.6	-122.2	0.0
29.8	-122.2	0.0
30.0	-122.2	0.0
30.2	-122.2	0.0
30.4	-122.2	0.0
30.6	-122.2	0.0
30.8	-122.2	0.0
31.0	-122.2	0.0
31.2	-122.2	0.0
31.4	-122.2	0.0
31.6	-122.2	0.0
31.8	-122.2	0.0
32.0	-122.2	0.0
32.2	-122.2	0.0
32.4	-122.2	0.0
32.6	-122.2	0.0
32.8	-122.2	0.0
33.0	-122.2	0.0
33.2	-122.2	0.0
33.4	-122.2	0.0
33.6	-122.2	0.0
33.8	-122.2	0.0
34.0	-122.2	0.0
34.2	-122.2	0.0
34.4	-122.2	0.0
34.6	-122.2	0.0
34.8	-122.2	0.0
35.0	-122.2	0.0
35.2	-122.2	0.0
35.4	-122.2	0.0
35.6	-122.2	0.0
35.8	-122.2	0.0
25.0	-122.0	0.0
25.2	-122.0	0.0
25.4	-122.0	0.0
25.6	-122.0	0.0
25.8	-122.0	0.0
26.0	-122.0	0.0
26.2	-122.0	0.0
26.4	-122.0	0.0
26.6	-122.0	0.0
26.8	-122.0	0.0
27.0	-122.0	0.0
27.2	-122.0	0.0
27.4	-122.0	0.0
27.6	-122.0	0.0
27.8	-122.0	0.0
28.0	-122.0	0.0
28.2	-122.0	0.0
28.4	-122.0	0.0
28.6	-122.0	0.0
28.8	-122.0	0.0
29.0	-122.0	0.0
29.2	-122.0	0.0
29.4	-122.0	0.0
29.6	-122.0	0.0
29.8	-122.0	0.0
30.0	-122.0	0.0
30.2	-122.0	0.0
30.4	-122.0	0.0
30.6	-122.0	0.0
30.8	-122.0	0.0
31.0	-122.0	0.0
31.2	-122.0	0.0
31.4	-122.0	0.0
31.6	-122.0	0.0
31.8	-122.0	0.0
32.0	-122.0	0.0
32.2	-122.0	0.0
32.4	-122.0	0.0
32.6	-122.0	0.0
32.8	-122.0	0.0
33.0	-122.0	0.0
33.2	-122.0	0.0
33.4	-122.0	0.0
33.6	-122.0	0.0
33.8	-122.0	0.0
34.0	-122.0	0.0
34.2	-122.0	0.0
34.4	-122.0	0.0
34.6	-122.0	0.0
34.8	-122.0	0.0
35.0	-122.0	0.0
35.2	-122.0	0.0
35.4	-122.0	0.0
35.6	-122.0	0.0
35.8	-122.0	0.0
25.0	-121.8	0.0
25.2	-121.8	0.0
25.4	-121.8	0.0
25.6	-121.8	0.0
25.8	-121.8	0.0
26.0	-121.8	0.0
26.2	-121.8	0.0
26.4	-121.8	0.0
26.6	-121.8	0.0
26.8	-121.8	0.0
27.0	-121.8	0.0
27.2	-121.8	0.0
27.4	-121.8	0.0
27.6	-121.8	0.0
27.8	-121.8	0.0
28.0	-121.8	0.0
28.2	-121.8	0.0
28.4	-121.8	0.0
28.6	-121.8	0.0
28.8	-121.8	0.0
29.0	-121.8	0.0
29.2	-121.8	0.0
29.4	-121.8	0.0
29.6	-121.8	0.0
29.8	-121.8	0.0
30.0	-121.8	0.0
30.2	-121.8	0.0
30.4	-121.8	0.0
30.6	-121.8	0.0
30.8	-121.8	0.0
31.0	-121.8	0.0
31.2	-121.8	0.0
31.4	-121.8	0.0
31.6	-121.8	0.0
31.8	-121.8	0.0
32.0	-121.8	0.0
32.2	-121.8	0.0
32.4	-121.8	0.0
32.6	-121.8	0.0
32.8	-121.8	0.0
33.0	-121.8	0.0
33.2	-121.8	0.0
33.4	-121.8	0.0
33.6	-121.8	0.0
33.8	-121.8	0.0
34.0	-121.8	0.0
34.2	-121.8	0.0
34.4	-121.8	0.0
34.6	-121.8	0.0
34.8	-121.8	2.76
35.0	-121.8	0.02
35.2	-121.8	0.0
35.4	-121.8	0.0
35.6	-121.8	0.0
35.8	-121.8	0.0
25.0	-121.6	0.0
25.2	-121.6	0.0
25.4	-121.6	0.0
25.6	-121.6	0.0
25.8	-121.6	0.0
26.0	-121.6	0.0
26.2	-121.6	0.0
26.4	-121.6	0.0
26.6	-121.6	0.0
26.8	-121.6	0.0
27.0	-121.6	0.0
27.2	-121.6	0.0
27.4	-121.6	0.0
27.6	-121.6	0.0
27.8	-121.6	0.0
28.0	-121.6	0.0
28.2	-121.6	0.0
28.4	-121.6	0.0
28.6	-121.6	0.0
28.8	-121.6	0.0
29.0	-121.6	0.0
29.2	-121.6	0.0
29.4	-121.6	0.0
29.6	-121.6	0.0
29.8	-121.6	0.0
30.0	-121.6	0.0
30.2	-121.6	0.0
30.4	-121.6	0.0
30.6	-121.6	0.0
30.8	-121.6	0.0
31.0	-121.6	0.0
31.2	-121.6	0.0
31.4	-121.6	0.0
31.6	-121.6	0.0
31.8	-121.6	0.0
32.0	-121.6	0.0
32.2	-121.6	0.0
32.4	-121.6	0.0
32.6	-121.6	0.0
32.8	-121.6	0.0
33.0	-121.6	0.0
33.2	-121.6	0.0
33.4	-121.6	0.0
33.6	-121.6	0.0
33.8	-121.6	0.0
34.0	-121.6	0.0
34.2	-121.6	0.0
34.4	-121.6	0.0
34.6	-121.6	3.7
34.8	-121.6	13.38
35.0	-121.6	13.01
35.2	-121.6	0.02
35.4	-121.6	0.0
35.6	-121.6	0.01
35.8	-121.6	6.36
25.0	-121.4	19.11
25.2	-121.4	0.0
25.4	-121.4	0.0
25.6	-121.4	0.0
25.8	-121.4	0.0
26.0	-121.4	0.0
26.2	-121.4	0.0
26.4	-121.4	0.0
26.6	-121.4	0.0
26.8	-121.4	0.0
27.0	-121.4	0.0
27.2	-121.4	0.0
27.4	-121.4	0.0
27.6	-121.4	0.0
27.8	-121.4	0.0
28.0	-121.4	0.0
28.2	-121.4	0.0
28.4	-121.4	0.0
28.6	-121.4	0.0
28.8	-121.4	0.0
29.0	-121.4	0.0
29.2	-121.4	0.0
29.4	-121.4	0.0
29.6	-121.4	0.0
29.8	-121.4	0.0
30.0	-121.4	0.0
30.2	-121.4	0.0
30.4	-121.4	0.0
30.6	-121.4	0.0
30.8	-121.4	0.0
31.0	-121.4	0.0
31.2	-121.4	0.0
31.4	-121.4	0.0
31.6	-121.4	0.0
31.8	-121.4	0.0
32.0	-121.4	0.0
32.2	-121.4	0.0
32.4	-121.4	0.0
32.6	-121.4	0.0
32.8	-121.4	0.0
33.0	-121.4	0.0
33.2	-121.4	0.0
33.4	-121.4	0.0
33.6	-121.4	0.0
33.8	-121.4	0.0
34.0	-121.4	0.0
34.2	-121.4	0.0
34.4	-121.4	0.0
34.6	-121.4	1.39
34.8	-121.4	7.76
35.0	-121.4	19.43
35.2	-121.4	3.64
35.4	-121.4	0.0
35.6	-121.4	3.53
35.8	-121.4	20.66
25.0	-121.2	65.73
25.2	-121.2	0.0
25.4	-121.2	0.0
25.6	-121.2	0.0
25.8	-121.2	0.0
26.0	-121.2	0.0
26.2	-121.2	0.0
26.4	-121.2	0.0
26.6	-121.2	0.0
26.8	-121.2	0.0
27.0	-121.2	0.0
27.2	-121.2	0.0
27.4	-121.2	0.0
27.6	-121.2	0.0
27.8	-121.2	0.0
28.0	-121.2	0.0
28.2	-121.2	0.0
28.4	-121.2	0.0
28.6	-121.2	0.0
28.8	-121.2	0.0
29.0	-121.2	0.0
29.2	-121.2	0.0
29.4	-121.2	0.0
29.6	-121.2	0.0
29.8	-121.2	0.0
30.0	-121.2	0.0
30.2	-121.2	0.0
30.4	-121.2	0.0
30.6	-121.2	0.0
30.8	-121.2	0.0
31.0	-121.2	0.0
31.2	-121.2	0.0
31.4	-121.2	0.0
31.6	-121.2	0.0
31.8	-121.2	0.0
32.0	-121.2	0.0
32.2	-121.2	0.0
32.4	-121.2	0.0
32.6	-121.2	0.0
32.8	-121.2	0.0
33.0	-121.2	0.0
33.2	-121.2	0.0
33.4	-121.2	0.0
33.6	-121.2	0.0
33.8	-121.2	0.0
34.0	-121.2	0.0
34.2	-121.2	0.0
34.4	-121.2	0.0
34.6	-121.2	1.38
34.8	-121.2	1.41
35.0	-121.2	8.17
35.2	-121.2	7.15
35.4	-121.2	0.01
35.6	-121.2	6.91
35.8	-121.2	94.82
25.0	-121.0	91.71
25.2	-121.0	0.0
25.4	-121.0	0.0
25.6	-121.0	0.0
25.8	-121.0	0.0
26.0	-121.0	0.0
26.2	-121.0	0.0
26.4	-121.0	0.0
26.6	-121.0	0.0
26.8	-121.0	0.0
27.0	-121.0	0.0
27.2	-121.0	0.0
27.4	-121.0	0.0
27.6	-121.0	0.0
27.8	-121.0	0.0
28.0	-121.0	0.0
28.2	-121.0	0.0
28.4	-121.0	0.0
28.6	-121.0	0.0
28.8	-121.0	0.0
29.0	-121.0	0.0
29.2	-121.0	0.0
29.4	-121.0	0.0
29.6	-121.0	0.0
29.8	-121.0	0.0
30.0	-121.0	0.0
30.2	-121.0	0.0
30.4	-121.0	0.0
30.6	-121.0	0.0
30.8	-121.0	0.0
31.0	-121.0	0.0
31.2	-121.0	0.0
31.4	-121.0	0.0
31.6	-121.0	0.0
31.8	-121.0	0.0
32.0	-121.0	0.0
32.2	-121.0	0.0
32.4	-121.0	0.0
32.6	-121.0	0.0
32.8	-121.0	0.0
33.0	-121.0	0.0
33.2	-121.0	0.0
33.4	-121.0	0.0
33.6	-121.0	0.0
33.8	-121.0	0.0
34.0	-121.0	0.0
34.2	-121.0	1.38
34.4	-121.0	7.22
34.6	-121.0	12.37
34.8	-121.0	18.23
35.0	-121.0	23.5
35.2	-121.0	12.26
35.4	-121.0	6.92
35.6	-121.0	30.79
35.8	-121.0	99.75
25.0	-120.8	94.88
25.2	-120.8	0.0
25.4	-120.8	0.0
25.6	-120.8	0.0
25.8	-120.8	0.0
26.0	-120.8	0.0
26.2	-120.8	0.0
26.4	-120.8	0.0
26.6	-120.8	0.0
26.8	-120.8	0.0
27.0	-120.8	0.0
27.2	-120.8	0.0
27.4	-120.8	0.0
27.6	-120.8	0.0
27.8	-120.8	0.0
28.0	-120.8	0.0
28.2	-120.8	0.0
28.4	-120.8	0.0
28.6	-120.8	0.0
28.8	-120.8	0.0
29.0	-120.8	0.0
29.2	-120.8	0.0
29.4	-120.8	0.0
29.6	-120.8	0.0
29.8	-120.8	0.0
30.0	-120.8	0.0
30.2	-120.8	0.0
30.4	-120.8	0.0
30.6	-120.8	0.0
30.8	-120.8	0.0
31.0	-120.8	0.0
31.2	-120.8	0.0
31.4	-120.8	0.0
31.6	-120.8	0.0
31.8	-120.8	0.0
32.0	-120.8	0.0
32.2	-120.8	0.0
32.4	-120.8	0.0
32.6	-120.8	0.0
32.8	-120.8	0.0
33.0	-120.8	0.0
33.2	-120.8	0.0
33.4	-120.8	0.0
33.6	-120.8	0.0
33.8	-120.8	0.0
34.0	-120.8	0.01
34.2	-120.8	7.7
34.4	-120.8	10.57
34.6	-120.8	39.96
34.8	-120.8	46.65
35.0	-120.8	60.28
35.2	-120.8	19.88
35.4	-120.8	61.52
35.6	-120.8	62.92
35.8	-120.8	97.26
25.0	-120.6	80.2
25.2	-120.6	0.0
25.4	-120.6	0.0
25.6	-120.6	0.0
25.8	-120.6	0.0
26.0	-120.6	0.0
26.2	-120.6	0.0
26.4	-120.6	0.0
26.6	-120.6	0.0
26.8	-120.6	0.0
27.0	-120.6	0.0
27.2	-120.6	0.0
27.4	-120.6	0.0
27.6	-120.6	0.0
27.8	-120.6	0.0
28.0	-120.6	0.0
28.2	-120.6	0.0
28.4	-120.6	0.0
28.6	-120.6	0.0
28.8	-120.6	0.0
29.0	-120.6	0.0
29.2	-120.6	0.0
29.4	-120.6	0.0
29.6	-120.6	0.0
29.8	-120.6	0.0
30.0	-120.6	0.0
30.2	-120.6	0.0
30.4	-120.6	0.0
30.6	-120.6	0.0
30.8	-120.6	0.0
31.0	-120.6	0.0
31.2	-120.6	0.0
31.4	-120.6	0.0
31.6	-120.6	0.0
31.8	-120.6	0.0
32.0	-120.6	0.0
32.2	-120.6	0.0
32.4	-120.6	0.0
32.6	-120.6	0.0
32.8	-120.6	0.0
33.0	-120.6	0.0
33.2	-120.6	0.0
33.4	-120.6	0.0
33.6	-120.6	0.0
33.8	-120.6	0.0
34.0	-120.6	10.72
34.2	-120.6	16.81
34.4	-120.6	3.64
34.6	-120.6	29.07
34.8	-120.6	31.82
35.0	-120.6	39.79
35.2	-120.6	18.36
35.4	-120.6	42.11
35.6	-120.6	6.61
35.8	-120.6	23.26
25.0	-120.4	71.87
25.2	-120.4	0.0
25.4	-120.4	0.0
25.6	-120.4	0.0
25.8	-120.4	0.0
26.0	-120.4	0.0
26.2	-120.4	0.0
26.4	-120.4	0.0
26.6	-120.4	0.0
26.8	-120.4	0.0
27.0	-120.4	0.0
27.2	-120.4	0.0
27.4	-120.4	0.0
27.6	-120.4	0.0
27.8	-120.4	0.0
28.0	-120.4	0.0
28.2	-120.4	0.0
28.4	-120.4	0.0
28.6	-120.4	0.0
28.8	-120.4	0.0
29.0	-120.4	0.0
29.2	-120.4	0.0
29.4	-120.4	0.0
29.6	-120.4	0.0
29.8	-120.4	0.0
30.0	-120.4	0.0
30.2	-120.4	0.0
30.4	-120.4	0.0
30.6	-120.4	0.0
30.8	-120.4	0.0
31.0	-120.4	0.0
31.2	-120.4	0.0
31.4	-120.4	0.0
31.6	-120.4	0.0
31.8	-120.4	0.0
32.0	-120.4	0.0
32.2	-120.4	0.0
32.4	-120.4	0.0
32.6	-120.4	0.0
32.8	-120.4	0.0
33.0	-120.4	0.0
33.2	-120.4	0.0
33.4	-120.4	0.0
33.6	-120.4	2.92
33.8	-120.4	0.04
34.0	-120.4	17.01
34.2	-120.4	7.93
34.4	-120.4	0.77
34.6	-120.4	5.89
34.8	-120.4	5.79
35.0	-120.4	35.7
35.2	-120.4	22.21
35.4	-120.4	4.23
35.6	-120.4	2.14
35.8	-120.4	18.18
25.0	-120.2	97.21
25.2	-120.2	0.0
25.4	-120.2	0.0
25.6	-120.2	0.0
25.8	-120.2	0.0
26.0	-120.2	0.0
26.2	-120.2	0.0
26.4	-120.2	0.0
26.6	-120.2	0.0
26.8	-120.2	0.0
27.0	-120.2	0.0
27.2	-120.2	0.0
27.4	-120.2	0.0
27.6	-120.2	0.0
27.8	-120.2	0.0
28.0	-120.2	0.0
28.2	-120.2	0.0
28.4	-120.2	0.0
28.6	-120.2	0.0
28.8	-120.2	0.0
29.0	-120.2	0.0
29.2	-120.2	0.0
29.4	-120.2	0.0
29.6	-120.2	0.0
29.8	-120.2	0.0
30.0	-120.2	0.0
30.2	-120.2	0.0
30.4	-120.2	0.0
30.6	-120.2	0.0
30.8	-120.2	0.0
31.0	-120.2	0.0
31.2	-120.2	0.0
31.4	-120.2	0.0
31.6	-120.2	0.0
31.8	-120.2	0.0
32.0	-120.2	0.0
32.2	-120.2	0.0
32.4	-120.2	0.0
32.6	-120.2	0.0
32.8	-120.2	0.01
33.0	-120.2	2.11
33.2	-120.2	0.0
33.4	-120.2	0.0
33.6	-120.2	6.48
33.8	-120.2	12.81
34.0	-120.2	18.49
34.2	-120.2	2.95
34.4	-120.2	0.78
34.6	-120.2	8.4
34.8	-120.2	13.8
35.0	-120.2	29.46
35.2	-120.2	2.82
35.4	-120.2	2.88
35.6	-120.2	2.85
35.8	-120.2	60.44
25.0	-120.0	97.92
25.2	-120.0	0.0
25.4	-120.0	0.0
25.6	-120.0	0.0
25.8	-120.0	0.0
26.0	-120.0	0.0
26.2	-120.0	0.0
26.4	-120.0	0.0
26.6	-120.0	0.0
26.8	-120.0	0.0
27.0	-120.0	0.0
27.2	-120.0	0.0
27.4	-120.0	0.0
27.6	-120.0	0.0
27.8	-120.0	0.0
28.0	-120.0	0.0
28.2	-120.0	0.0
28.4	-120.0	0.0
28.6	-120.0	0.0
28.8	-120.0	0.0
29.0	-120.0	0.0
29.2	-120.0	0.0
29.4	-120.0	0.0
29.6	-120.0	0.0
29.8	-120.0	0.0
30.0	-120.0	0.0
30.2	-120.0	0.0
30.4	-120.0	0.0
30.6	-120.0	0.0
30.8	-120.0	0.0
31.0	-120.0	0.0
31.2	-120.0	39.7
31.4	-120.0	63.71
31.6	-120.0	60.96
31.8	-120.0	7.27
32.0	-120.0	0.0
32.2	-120.0	0.0
32.4	-120.0	0.0
32.6	-120.0	0.0
32.8	-120.0	1.21
33.0	-120.0	4.79
33.2	-120.0	0.0
33.4	-120.0	0.0
33.6	-120.0	1.64
33.8	-120.0	18.63
34.0	-120.0	10.4
34.2	-120.0	6.07
34.4	-120.0	5.83
34.6	-120.0	20.05
34.8	-120.0	15.85
35.0	-120.0	10.08
35.2	-120.0	0.0
35.4	-120.0	0.0
35.6	-120.0	4.29
35.8	-120.0	8.97
25.0	-119.8	35.07
25.2	-119.8	0.0
25.4	-119.8	0.0
25.6	-119.8	0.0
25.8	-119.8	0.0
26.0	-119.8	0.0
26.2	-119.8	0.0
26.4	-119.8	0.0
26.6	-119.8	0.0
26.8	-119.8	0.0
27.0	-119.8	0.0
27.2	-119.8	0.0
27.4	-119.8	0.0
27.6	-119.8	0.0
27.8	-119.8	0.0
28.0	-119.8	0.0
28.2	-119.8	0.0
28.4	-119.8	0.0
28.6	-119.8	0.0
28.8	-119.8	0.0
29.0	-119.8	0.0
29.2	-119.8	0.0
29.4	-119.8	0.0
29.6	-119.8	0.0
29.8	-119.8	0.0
30.0	-119.8	0.0
30.2	-119.8	0.0
30.4	-119.8	0.0
30.6	-119.8	0.0
30.8	-119.8	0.0
31.0	-119.8	0.0
31.2	-119.8	63.63
31.4	-119.8	86.83
31.6	-119.8	84.76
31.8	-119.8	14.01
32.0	-119.8	0.0
32.2	-119.8	0.0
32.4	-119.8	0.0
32.6	-119.8	0.0
32.8	-119.8	0.0
33.0	-119.8	0.0
33.2	-119.8	0.0
33.4	-119.8	0.0
33.6	-119.8	0.0
33.8	-119.8	3.59
34.0	-119.8	2.37
34.2	-119.8	1.42
34.4	-119.8	94.2
34.6	-119.8	65.04
34.8	-119.8	9.82
35.0	-119.8	2.81
35.2	-119.8	1.41
35.4	-119.8	0.0
35.6	-119.8	4.87
35.8	-119.8	4.9
25.0	-119.6	39.57
25.2	-119.6	0.0
25.4	-119.6	0.0
25.6	-119.6	0.0
25.8	-119.6	0.0
26.0	-119.6	0.0
26.2	-119.6	0.0
26.4	-119.6	0.0
26.6	-119.6	0.0
26.8	-119.6	0.0
27.0	-119.6	0.0
27.2	-119.6	0.0
27.4	-119.6	0.0
27.6	-119.6	0.0
27.8	-119.6	0.0
28.0	-119.6	0.0
28.2	-119.6	0.0
28.4	-119.6	0.0
28.6	-119.6	0.0
28.8	-119.6	0.0
29.0	-119.6	0.0
29.2	-119.6	0.0
29.4	-119.6	0.0
29.6	-119.6	0.0
29.8	-119.6	0.0
30.0	-119.6	0.0
30.2	-119.6	0.0
30.4	-119.6	0.0
30.6	-119.6	0.0
30.8	-119.6	0.0
31.0	-119.6	0.0
31.2	-119.6	62.56
31.4	-119.6	86.03
31.6	-119.6	83.83
31.8	-119.6	14.01
32.0	-119.6	0.0
32.2	-119.6	0.0
32.4	-119.6	0.0
32.6	-119.6	11.49
32.8	-119.6	2.98
33.0	-119.6	0.0
33.2	-119.6	0.01
33.4	-119.6	2.21
33.6	-119.6	0.0
33.8	-119.6	1.62
34.0	-119.6	3.72
34.2	-119.6	3.96
34.4	-119.6	88.76
34.6	-119.6	50.41
34.8	-119.6	2.94
35.0	-119.6	8.57
35.2	-119.6	9.83
35.4	-119.6	1.44
35.6	-119.6	13.7
35.8	-119.6	10.78
25.0	-119.4	19.25
25.2	-119.4	0.0
25.4	-119.4	0.0
25.6	-119.4	0.0
25.8	-119.4	0.0
26.0	-119.4	0.0
26.2	-119.4	0.0
26.4	-119.4	0.0
26.6	-119.4	0.0
26.8	-119.4	0.0
27.0	-119.4	0.0
27.2	-119.4	0.0
27.4	-119.4	0.0
27.6	-119.4	0.0
27.8	-119.4	0.0
28.0	-119.4	0.0
28.2	-119.4	0.0
28.4	-119.4	0.0
28.6	-119.4	0.0
28.8	-119.4	0.0
29.0	-119.4	0.0
29.2	-119.4	0.0
29.4	-119.4	0.0
29.6	-119.4	0.0
29.8	-119.4	0.0
30.0	-119.4	0.0
30.2	-119.4	0.0
30.4	-119.4	0.0
30.6	-119.4	0.0
30.8	-119.4	0.0
31.0	-119.4	0.0
31.2	-119.4	55.22
31.4	-119.4	80.02
31.6	-119.4	77.66
31.8	-119.4	10.92
32.0	-119.4	0.0
32.2	-119.4	0.0
32.4	-119.4	0.0
32.6	-119.4	7.7
32.8	-119.4	2.74
33.0	-119.4	0.0
33.2	-119.4	9.68
33.4	-119.4	23.39
33.6	-119.4	1.27
33.8	-119.4	13.68
34.0	-119.4	29.54
34.2	-119.4	11.41
34.4	-119.4	16.25
34.6	-119.4	41.74
34.8	-119.4	8.72
35.0	-119.4	20.98
35.2	-119.4	28.72
35.4	-119.4	81.96
35.6	-119.4	22.44
35.8	-119.4	7.54
25.0	-119.2	6.79
25.2	-119.2	0.0
25.4	-119.2	0.0
25.6	-119.2	0.0
25.8	-119.2	0.0
26.0	-119.2	0.0
26.2	-119.2	0.0
26.4	-119.2	0.0
26.6	-119.2	0.0
26.8	-119.2	0.0
27.0	-119.2	0.0
27.2	-119.2	0.0
27.4	-119.2	0.0
27.6	-119.2	0.0
27.8	-119.2	0.0
28.0	-119.2	0.0
28.2	-119.2	0.0
28.4	-119.2	0.0
28.6	-119.2	0.0
28.8	-119.2	0.0
29.0	-119.2	0.0
29.2	-119.2	0.0
29.4	-119.2	0.0
29.6	-119.2	0.0
29.8	-119.2	0.0
30.0	-119.2	0.0
30.2	-119.2	0.0
30.4	-119.2	0.0
30.6	-119.2	0.0
30.8	-119.2	0.0
31.0	-119.2	0.0
31.2	-119.2	53.89
31.4	-119.2	78.81
31.6	-119.2	76.3
31.8	-119.2	10.91
32.0	-119.2	0.0
32.2	-119.2	0.0
32.4	-119.2	0.0
32.6	-119.2	7.79
32.8	-119.2	7.71
33.0	-119.2	4.06
33.2	-119.2	17.28
33.4	-119.2	10.85
33.6	-119.2	22.31
33.8	-119.2	66.86
34.0	-119.2	32.8
34.2	-119.2	27.39
34.4	-119.2	15.46
34.6	-119.2	38.41
34.8	-119.2	17.04
35.0	-119.2	29.7
35.2	-119.2	75.66
35.4	-119.2	96.8
35.6	-119.2	58.36
35.8	-119.2	8.21
25.0	-119.0	0.74
25.2	-119.0	0.0
25.4	-119.0	0.0
25.6	-119.0	0.0
25.8	-119.0	0.0
26.0	-119.0	0.0
26.2	-119.0	0.0
26.4	-119.0	0.0
26.6	-119.0	0.0
26.8	-119.0	0.0
27.0	-119.0	0.0
27.2	-119.0	0.0
27.4	-119.0	0.0
27.6	-119.0	0.0
27.8	-119.0	0.0
28.0	-119.0	0.0
28.2	-119.0	0.0
28.4	-119.0	0.0
28.6	-119.0	0.0
28.8	-119.0	0.0
29.0	-119.0	0.0
29.2	-119.0	0.0
29.4	-119.0	0.0
29.6	-119.0	0.0
29.8	-119.0	0.0
30.0	-119.0	0.0
30.2	-119.0	0.0
30.4	-119.0	0.0
30.6	-119.0	0.0
30.8	-119.0	0.0
31.0	-119.0	0.0
31.2	-119.0	32.1
31.4	-119.0	53.97
31.6	-119.0	52.24
31.8	-119.0	25.67
32.0	-119.0	22.78
32.2	-119.0	14.56
32.4	-119.0	4.3
32.6	-119.0	11.47
32.8	-119.0	0.01
33.0	-119.0	0.03
33.2	-119.0	23.1
33.4	-119.0	11.75
33.6	-119.0	28.07
33.8	-119.0	75.34
34.0	-119.0	22.6
34.2	-119.0	55.43
34.4	-119.0	20.25
34.6	-119.0	29.16
34.8	-119.0	31.81
35.0	-119.0	25.77
35.2	-119.0	81.53
35.4	-119.0	40.46
35.6	-119.0	13.39
35.8	-119.0	4.18
25.0	-118.8	0.02
25.2	-118.8	0.0
25.4	-118.8	0.0
25.6	-118.8	0.0
25.8	-118.8	0.0
26.0	-118.8	0.0
26.2	-118.8	0.0
26.4	-118.8	0.0
26.6	-118.8	0.0
26.8	-118.8	0.0
27.0	-118.8	0.0
27.2	-118.8	0.0
27.4	-118.8	0.0
27.6	-118.8	0.0
27.8	-118.8	0.0
28.0	-118.8	0.0
28.2	-118.8	0.0
28.4	-118.8	0.0
28.6	-118.8	0.0
28.8	-118.8	0.0
29.0	-118.8	0.0
29.2	-118.8	0.0
29.4	-118.8	0.0
29.6	-118.8	0.0
29.8	-118.8	0.0
30.0	-118.8	0.0
30.2	-118.8	0.0
30.4	-118.8	0.0
30.6	-118.8	0.0
30.8	-118.8	0.0
31.0	-118.8	0.0
31.2	-118.8	0.0
31.4	-118.8	0.0
31.6	-118.8	3.75
31.8	-118.8	37.98
32.0	-118.8	40.38
32.2	-118.8	37.67
32.4	-118.8	12.21
32.6	-118.8	14.8
32.8	-118.8	4.44
33.0	-118.8	4.28
33.2	-118.8	14.21
33.4	-118.8	18.22
33.6	-118.8	20.29
33.8	-118.8	20.91
34.0	-118.8	57.73
34.2	-118.8	82.19
34.4	-118.8	62.75
34.6	-118.8	92.61
34.8	-118.8	23.83
35.0	-118.8	19.26
35.2	-118.8	44.05
35.4	-118.8	96.36
35.6	-118.8	75.74
35.8	-118.8	0.79
25.0	-118.6	2.11
25.2	-118.6	0.0
25.4	-118.6	0.0
25.6	-118.6	0.0
25.8	-118.6	0.0
26.0	-118.6	0.0
26.2	-118.6	0.0
26.4	-118.6	0.0
26.6	-118.6	0.0
26.8	-118.6	0.0
27.0	-118.6	0.0
27.2	-118.6	0.0
27.4	-118.6	0.0
27.6	-118.6	0.0
27.8	-118.6	0.0
28.0	-118.6	0.0
28.2	-118.6	0.0
28.4	-118.6	0.0
28.6	-118.6	0.0
28.8	-118.6	0.0
29.0	-118.6	0.0
29.2	-118.6	0.0
29.4	-118.6	0.0
29.6	-118.6	0.0
29.8	-118.6	0.0
30.0	-118.6	0.0
30.2	-118.6	0.0
30.4	-118.6	0.0
30.6	-118.6	0.0
30.8	-118.6	0.0
31.0	-118.6	0.0
31.2	-118.6	0.0
31.4	-118.6	0.0
31.6	-118.6	3.74
31.8	-118.6	33.85
32.0	-118.6	36.37
32.2	-118.6	24.57
32.4	-118.6	4.4
32.6	-118.6	8.01
32.8	-118.6	6.51
33.0	-118.6	49.06
33.2	-118.6	14.33
33.4	-118.6	24.56
33.6	-118.6	18.95
33.8	-118.6	18.58
34.0	-118.6	77.35
34.2	-118.6	90.27
34.4	-118.6	99.79
34.6	-118.6	99.99
34.8	-118.6	33.16
35.0	-118.6	13.44
35.2	-118.6	30.13
35.4	-118.6	91.72
35.6	-118.6	87.16
35.8	-118.6	22.24
25.0	-118.4	15.04
25.2	-118.4	0.0
25.4	-118.4	0.0
25.6	-118.4	0.0
25.8	-118.4	0.0
26.0	-118.4	0.0
26.2	-118.4	0.0
26.4	-118.4	0.0
26.6	-118.4	0.0
26.8	-118.4	0.0
27.0	-118.4	0.0
27.2	-118.4	0.0
27.4	-118.4	0.0
27.6	-118.4	0.0
27.8	-118.4	0.0
28.0	-118.4	0.0
28.2	-118.4	0.0
28.4	-118.4	0.0
28.6	-118.4	0.0
28.8	-118.4	0.0
29.0	-118.4	0.0
29.2	-118.4	0.0
29.4	-118.4	0.0
29.6	-118.4	0.0
29.8	-118.4	0.0
30.0	-118.4	0.0
30.2	-118.4	0.0
30.4	-118.4	0.0
30.6	-118.4	0.0
30.8	-118.4	0.0
31.0	-118.4	0.0
31.2	-118.4	0.0
31.4	-118.4	0.0
31.6	-118.4	0.01
31.8	-118.4	6.25
32.0	-118.4	6.3
32.2	-118.4	4.81
32.4	-118.4	15.06
32.6	-118.4	28.48
32.8	-118.4	11.99
33.0	-118.4	81.87
33.2	-118.4	23.21
33.4	-118.4	11.67
33.6	-118.4	16.73
33.8	-118.4	57.18
34.0	-118.4	76.5
34.2	-118.4	89.26
34.4	-118.4	99.57
34.6	-118.4	99.87
34.8	-118.4	13.5
35.0	-118.4	9.55
35.2	-118.4	31.38
35.4	-118.4	30.96
35.6	-118.4	75.87
35.8	-118.4	52.26
25.0	-118.2	83.11
25.2	-118.2	0.0
25.4	-118.2	0.0
25.6	-118.2	0.0
25.8	-118.2	0.0
26.0	-118.2	0.0
26.2	-118.2	0.0
26.4	-118.2	0.0
26.6	-118.2	0.0
26.8	-118.2	0.0
27.0	-118.2	0.0
27.2	-118.2	0.0
27.4	-118.2	0.0
27.6	-118.2	0.0
27.8	-118.2	0.0
28.0	-118.2	0.0
28.2	-118.2	0.0
28.4	-118.2	0.0
28.6	-118.2	0.0
28.8	-118.2	0.0
29.0	-118.2	0.0
29.2	-118.2	0.0
29.4	-118.2	0.0
29.6	-118.2	0.0
29.8	-118.2	0.0
30.0	-118.2	0.0
30.2	-118.2	0.0
30.4	-118.2	0.0
30.6	-118.2	0.0
30.8	-118.2	0.0
31.0	-118.2	0.0
31.2	-118.2	0.0
31.4	-118.2	0.0
31.6	-118.2	0.0
31.8	-118.2	0.0
32.0	-118.2	0.0
32.2	-118.2	0.01
32.4	-118.2	16.45
32.6	-118.2	66.75
32.8	-118.2	76.87
33.0	-118.2	85.39
33.2	-118.2	9.63
33.4	-118.2	12.13
33.6	-118.2	40.51
33.8	-118.2	70.91
34.0	-118.2	60.5
34.2	-118.2	92.22
34.4	-118.2	51.39
34.6	-118.2	23.06
34.8	-118.2	1.54
35.0	-118.2	2.84
35.2	-118.2	12.8
35.4	-118.2	19.35
35.6	-118.2	39.76
35.8	-118.2	41.25
25.0	-118.0	77.53
25.2	-118.0	0.0
25.4	-118.0	0.0
25.6	-118.0	0.0
25.8	-118.0	0.0
26.0	-118.0	0.0
26.2	-118.0	0.0
26.4	-118.0	0.0
26.6	-118.0	0.0
26.8	-118.0	0.0
27.0	-118.0	0.0
27.2	-118.0	0.0
27.4	-118.0	0.0
27.6	-118.0	0.0
27.8	-118.0	0.0
28.0	-118.0	0.0
28.2	-118.0	0.0
28.4	-118.0	0.0
28.6	-118.0	0.0
28.8	-118.0	0.0
29.0	-118.0	0.0
29.2	-118.0	0.0
29.4	-118.0	0.0
29.6	-118.0	0.0
29.8	-118.0	0.0
30.0	-118.0	0.0
30.2	-118.0	0.0
30.4	-118.0	0.0
30.6	-118.0	0.0
30.8	-118.0	0.0
31.0	-118.0	0.0
31.2	-118.0	0.0
31.4	-118.0	0.0
31.6	-118.0	0.0
31.8	-118.0	0.0
32.0	-118.0	0.0
32.2	-118.0	0.01
32.4	-118.0	3.42
32.6	-118.0	53.52
32.8	-118.0	80.69
33.0	-118.0	74.2
33.2	-118.0	98.82
33.4	-118.0	23.77
33.6	-118.0	40.98
33.8	-118.0	59.37
34.0	-118.0	52.77
34.2	-118.0	95.69
34.4	-118.0	65.95
34.6	-118.0	19.07
34.8	-118.0	1.98
35.0	-118.0	0.0
35.2	-118.0	0.01
35.4	-118.0	9.77
35.6	-118.0	7.03
35.8	-118.0	24.03
25.0	-117.8	66.48
25.2	-117.8	0.0
25.4	-117.8	0.0
25.6	-117.8	0.0
25.8	-117.8	0.0
26.0	-117.8	0.0
26.2	-117.8	0.0
26.4	-117.8	0.0
26.6	-117.8	0.0
26.8	-117.8	0.0
27.0	-117.8	0.0
27.2	-117.8	0.0
27.4	-117.8	0.0
27.6	-117.8	0.0
27.8	-117.8	0.0
28.0	-117.8	0.0
28.2	-117.8	0.0
28.4	-117.8	0.0
28.6	-117.8	0.0
28.8	-117.8	0.0
29.0	-117.8	0.0
29.2	-117.8	0.0
29.4	-117.8	0.0
29.6	-117.8	0.0
29.8	-117.8	0.0
30.0	-117.8	0.0
30.2	-117.8	0.0
30.4	-117.8	0.0
30.6	-117.8	0.0
30.8	-117.8	0.0
31.0	-117.8	0.0
31.2	-117.8	0.0
31.4	-117.8	0.0
31.6	-117.8	0.0
31.8	-117.8	0.0
32.0	-117.8	0.0
32.2	-117.8	7.77
32.4	-117.8	60.68
32.6	-117.8	56.08
32.8	-117.8	94.0
33.0	-117.8	100.0
33.2	-117.8	100.0
33.4	-117.8	77.89
33.6	-117.8	8.94
33.8	-117.8	93.78
34.0	-117.8	100.0
34.2	-117.8	94.29
34.4	-117.8	100.0
34.6	-117.8	92.98
34.8	-117.8	2.36
35.0	-117.8	3.04
35.2	-117.8	0.01
35.4	-117.8	5.23
35.6	-117.8	30.17
35.8	-117.8	59.85
25.0	-117.6	99.57
25.2	-117.6	0.0
25.4	-117.6	0.0
25.6	-117.6	0.0
25.8	-117.6	0.0
26.0	-117.6	0.0
26.2	-117.6	0.0
26.4	-117.6	0.0
26.6	-117.6	0.0
26.8	-117.6	0.0
27.0	-117.6	0.0
27.2	-117.6	0.0
27.4	-117.6	0.0
27.6	-117.6	0.0
27.8	-117.6	0.0
28.0	-117.6	0.0
28.2	-117.6	0.0
28.4	-117.6	0.0
28.6	-117.6	0.0
28.8	-117.6	0.0
29.0	-117.6	0.0
29.2	-117.6	0.0
29.4	-117.6	0.0
29.6	-117.6	0.0
29.8	-117.6	0.0
30.0	-117.6	0.0
30.2	-117.6	0.0
30.4	-117.6	0.0
30.6	-117.6	0.0
30.8	-117.6	0.0
31.0	-117.6	0.0
31.2	-117.6	0.0
31.4	-117.6	0.0
31.6	-117.6	0.0
31.8	-117.6	0.0
32.0	-117.6	0.0
32.2	-117.6	45.26
32.4	-117.6	84.68
32.6	-117.6	44.71
32.8	-117.6	29.51
33.0	-117.6	99.4
33.2	-117.6	99.66
33.4	-117.6	9.79
33.6	-117.6	8.09
33.8	-117.6	15.66
34.0	-117.6	99.38
34.2	-117.6	85.01
34.4	-117.6	99.98
34.6	-117.6	42.57
34.8	-117.6	6.01
35.0	-117.6	10.46
35.2	-117.6	8.32
35.4	-117.6	15.07
35.6	-117.6	16.87
35.8	-117.6	85.8
25.0	-117.4	99.78
25.2	-117.4	0.0
25.4	-117.4	0.0
25.6	-117.4	0.0
25.8	-117.4	0.0
26.0	-117.4	0.0
26.2	-117.4	0.0
26.4	-117.4	0.0
26.6	-117.4	0.0
26.8	-117.4	0.0
27.0	-117.4	0.0
27.2	-117.4	0.0
27.4	-117.4	0.0
27.6	-117.4	0.0
27.8	-117.4	0.0
28.0	-117.4	0.0
28.2	-117.4	0.0
28.4	-117.4	0.0
28.6	-117.4	0.0
28.8	-117.4	0.0
29.0	-117.4	0.0
29.2	-117.4	0.0
29.4	-117.4	0.0
29.6	-117.4	0.0
29.8	-117.4	0.0
30.0	-117.4	0.0
30.2	-117.4	0.0
30.4	-117.4	0.0
30.6	-117.4	0.0
30.8	-117.4	0.0
31.0	-117.4	0.0
31.2	-117.4	0.0
31.4	-117.4	0.0
31.6	-117.4	0.0
31.8	-117.4	0.0
32.0	-117.4	0.0
32.2	-117.4	40.66
32.4	-117.4	29.54
32.6	-117.4	26.55
32.8	-117.4	66.02
33.0	-117.4	77.13
33.2	-117.4	13.75
33.4	-117.4	1.81
33.6	-117.4	3.0
33.8	-117.4	43.74
34.0	-117.4	78.76
34.2	-117.4	96.47
34.4	-117.4	99.71
34.6	-117.4	37.69
34.8	-117.4	3.69
35.0	-117.4	10.69
35.2	-117.4	12.65
35.4	-117.4	59.28
35.6	-117.4	13.92
35.8	-117.4	45.27
25.0	-117.2	59.45
25.2	-117.2	0.0
25.4	-117.2	0.0
25.6	-117.2	0.0
25.8	-117.2	0.0
26.0	-117.2	0.0
26.2	-117.2	0.0
26.4	-117.2	0.0
26.6	-117.2	0.0
26.8	-117.2	0.0
27.0	-117.2	0.0
27.2	-117.2	0.0
27.4	-117.2	0.0
27.6	-117.2	0.0
27.8	-117.2	0.0
28.0	-117.2	0.0
28.2	-117.2	0.0
28.4	-117.2	0.0
28.6	-117.2	0.0
28.8	-117.2	0.0
29.0	-117.2	0.0
29.2	-117.2	0.0
29.4	-117.2	0.0
29.6	-117.2	0.0
29.8	-117.2	0.0
30.0	-117.2	0.0
30.2	-117.2	0.0
30.4	-117.2	0.0
30.6	-117.2	0.0
30.8	-117.2	0.0
31.0	-117.2	0.0
31.2	-117.2	0.0
31.4	-117.2	0.0
31.6	-117.2	0.0
31.8	-117.2	0.0
32.0	-117.2	0.0
32.2	-117.2	20.29
32.4	-117.2	5.07
32.6	-117.2	8.49
32.8	-117.2	77.36
33.0	-117.2	91.48
33.2	-117.2	0.0
33.4	-117.2	0.0
33.6	-117.2	23.6
33.8	-117.2	62.84
34.0	-117.2	91.94
34.2	-117.2	99.68
34.4	-117.2	93.37
34.6	-117.2	22.01
34.8	-117.2	2.16
35.0	-117.2	11.63
35.2	-117.2	17.72
35.4	-117.2	67.41
35.6	-117.2	29.7
35.8	-117.2	36.56
25.0	-117.0	59.32
25.2	-117.0	0.0
25.4	-117.0	0.0
25.6	-117.0	0.0
25.8	-117.0	0.0
26.0	-117.0	0.0
26.2	-117.0	0.0
26.4	-117.0	0.0
26.6	-117.0	0.0
26.8	-117.0	0.0
27.0	-117.0	0.0
27.2	-117.0	0.0
27.4	-117.0	0.0
27.6	-117.0	0.0
27.8	-117.0	0.0
28.0	-117.0	0.0
28.2	-117.0	0.0
28.4	-117.0	0.0
28.6	-117.0	0.0
28.8	-117.0	0.0
29.0	-117.0	0.0
29.2	-117.0	0.0
29.4	-117.0	0.0
29.6	-117.0	1.33
29.8	-117.0	15.45
30.0	-117.0	16.6
30.2	-117.0	8.7
30.4	-117.0	0.0
30.6	-117.0	1.45
30.8	-117.0	16.71
31.0	-117.0	17.95
31.2	-117.0	9.84
31.4	-117.0	0.89
31.6	-117.0	0.82
31.8	-117.0	0.07
32.0	-117.0	0.0
32.2	-117.0	16.8
32.4	-117.0	19.21
32.6	-117.0	17.11
32.8	-117.0	44.78
33.0	-117.0	6.85
33.2	-117.0	3.49
33.4	-117.0	19.78
33.6	-117.0	72.6
33.8	-117.0	69.76
34.0	-117.0	91.71
34.2	-117.0	99.74
34.4	-117.0	100.0
34.6	-117.0	99.94
34.8	-117.0	35.6
35.0	-117.0	81.66
35.2	-117.0	99.99
35.4	-117.0	65.6
35.6	-117.0	7.0
35.8	-117.0	23.06
25.0	-116.8	12.71
25.2	-116.8	0.0
25.4	-116.8	0.0
25.6	-116.8	0.0
25.8	-116.8	0.0
26.0	-116.8	0.0
26.2	-116.8	0.0
26.4	-116.8	0.0
26.6	-116.8	0.0
26.8	-116.8	0.0
27.0	-116.8	0.0
27.2	-116.8	0.0
27.4	-116.8	0.0
27.6	-116.8	0.0
27.8	-116.8	0.0
28.0	-116.8	0.0
28.2	-116.8	0.0
28.4	-116.8	0.0
28.6	-116.8	0.0
28.8	-116.8	0.0
29.0	-116.8	0.0
29.2	-116.8	0.0
29.4	-116.8	0.0
29.6	-116.8	2.65
29.8	-116.8	28.5
30.0	-116.8	30.45
30.2	-116.8	16.63
30.4	-116.8	0.0
30.6	-116.8	2.88
30.8	-116.8	30.63
31.0	-116.8	32.68
31.2	-116.8	18.71
31.4	-116.8	1.77
31.6	-116.8	1.64
31.8	-116.8	0.14
32.0	-116.8	0.0
32.2	-116.8	26.31
32.4	-116.8	34.3
32.6	-116.8	11.61
32.8	-116.8	21.41
33.0	-116.8	7.39
33.2	-116.8	15.91
33.4	-116.8	61.47
33.6	-116.8	86.78
33.8	-116.8	98.95
34.0	-116.8	94.62
34.2	-116.8	100.0
34.4	-116.8	100.0
34.6	-116.8	100.0
34.8	-116.8	98.59
35.0	-116.8	75.37
35.2	-116.8	99.94
35.4	-116.8	59.14
35.6	-116.8	15.84
35.8	-116.8	15.91
25.0	-116.6	24.64
25.2	-116.6	0.0
25.4	-116.6	0.0
25.6	-116.6	0.0
25.8	-116.6	0.0
26.0	-116.6	0.0
26.2	-116.6	0.0
26.4	-116.6	0.0
26.6	-116.6	0.0
26.8	-116.6	0.0
27.0	-116.6	0.0
27.2	-116.6	0.0
27.4	-116.6	0.0
27.6	-116.6	0.0
27.8	-116.6	0.0
28.0	-116.6	0.0
28.2	-116.6	0.0
28.4	-116.6	0.0
28.6	-116.6	0.0
28.8	-116.6	0.0
29.0	-116.6	0.0
29.2	-116.6	2.05
29.4	-116.6	4.09
29.6	-116.6	6.66
29.8	-116.6	25.36
30.0	-116.6	27.37
30.2	-116.6	14.8
30.4	-116.6	0.0
30.6	-116.6	2.88
30.8	-116.6	27.37
31.0	-116.6	29.5
31.2	-116.6	16.71
31.4	-116.6	1.55
31.6	-116.6	1.42
31.8	-116.6	3.72
32.0	-116.6	3.62
32.2	-116.6	27.84
32.4	-116.6	67.88
32.6	-116.6	24.33
32.8	-116.6	10.76
33.0	-116.6	5.22
33.2	-116.6	68.16
33.4	-116.6	85.88
33.6	-116.6	99.67
33.8	-116.6	99.51
34.0	-116.6	91.92
34.2	-116.6	100.0
34.4	-116.6	100.0
34.6	-116.6	100.0
34.8	-116.6	100.0
35.0	-116.6	97.91
35.2	-116.6	81.61
35.4	-116.6	18.64
35.6	-116.6	10.47
35.8	-116.6	12.02
25.0	-116.4	33.41
25.2	-116.4	0.0
25.4	-116.4	0.0
25.6	-116.4	0.0
25.8	-116.4	0.0
26.0	-116.4	0.0
26.2	-116.4	0.0
26.4	-116.4	0.0
26.6	-116.4	0.0
26.8	-116.4	0.0
27.0	-116.4	0.0
27.2	-116.4	0.0
27.4	-116.4	0.0
27.6	-116.4	0.0
27.8	-116.4	0.0
28.0	-116.4	0.0
28.2	-116.4	0.0
28.4	-116.4	0.0
28.6	-116.4	0.0
28.8	-116.4	0.0
29.0	-116.4	0.0
29.2	-116.4	14.52
29.4	-116.4	26.95
29.6	-116.4	25.03
29.8	-116.4	6.71
30.0	-116.4	4.24
30.2	-116.4	2.16
30.4	-116.4	0.0
30.6	-116.4	0.14
30.8	-116.4	6.11
31.0	-116.4	6.28
31.2	-116.4	3.32
31.4	-116.4	0.22
31.6	-116.4	2.36
31.8	-116.4	20.86
32.0	-116.4	22.58
32.2	-116.4	96.29
32.4	-116.4	94.98
32.6	-116.4	35.18
32.8	-116.4	12.53
33.0	-116.4	88.79
33.2	-116.4	98.92
33.4	-116.4	98.97
33.6	-116.4	100.0
33.8	-116.4	98.1
34.0	-116.4	100.0
34.2	-116.4	100.0
34.4	-116.4	100.0
34.6	-116.4	100.0
34.8	-116.4	100.0
35.0	-116.4	100.0
35.2	-116.4	90.25
35.4	-116.4	3.73
35.6	-116.4	14.42
35.8	-116.4	20.77
25.0	-116.2	17.73
25.2	-116.2	0.0
25.4	-116.2	0.0
25.6	-116.2	0.0
25.8	-116.2	0.0
26.0	-116.2	0.0
26.2	-116.2	0.0
26.4	-116.2	0.0
26.6	-116.2	0.0
26.8	-116.2	0.0
27.0	-116.2	0.0
27.2	-116.2	0.0
27.4	-116.2	0.0
27.6	-116.2	0.0
27.8	-116.2	0.0
28.0	-116.2	0.0
28.2	-116.2	0.0
28.4	-116.2	0.0
28.6	-116.2	0.0
28.8	-116.2	0.0
29.0	-116.2	0.0
29.2	-116.2	16.27
29.4	-116.2	29.94
29.6	-116.2	28.12
29.8	-116.2	2.62
30.0	-116.2	0.0
30.2	-116.2	0.0
30.4	-116.2	0.0
30.6	-116.2	0.14
30.8	-116.2	1.71
31.0	-116.2	1.85
31.2	-116.2	0.93
31.4	-116.2	0.01
31.6	-116.2	2.14
31.8	-116.2	23.7
32.0	-116.2	25.38
32.2	-116.2	95.39
32.4	-116.2	97.12
32.6	-116.2	69.92
32.8	-116.2	97.58
33.0	-116.2	99.67
33.2	-116.2	97.16
33.4	-116.2	99.87
33.6	-116.2	95.02
33.8	-116.2	99.99
34.0	-116.2	100.0
34.2	-116.2	100.0
34.4	-116.2	100.0
34.6	-116.2	100.0
34.8	-116.2	100.0
35.0	-116.2	99.98
35.2	-116.2	22.09
35.4	-116.2	0.0
35.6	-116.2	10.57
35.8	-116.2	24.99
25.0	-116.0	8.52
25.2	-116.0	0.0
25.4	-116.0	0.0
25.6	-116.0	0.0
25.8	-116.0	0.0
26.0	-116.0	0.0
26.2	-116.0	0.0
26.4	-116.0	0.0
26.6	-116.0	0.0
26.8	-116.0	0.0
27.0	-116.0	0.0
27.2	-116.0	0.0
27.4	-116.0	0.0
27.6	-116.0	0.0
27.8	-116.0	0.0
28.0	-116.0	0.0
28.2	-116.0	0.0
28.4	-116.0	0.0
28.6	-116.0	0.0
28.8	-116.0	0.0
29.0	-116.0	0.0
29.2	-116.0	8.5
29.4	-116.0	16.3
29.6	-116.0	15.22
29.8	-116.0	1.32
30.0	-116.0	0.0
30.2	-116.0	9.78
30.4	-116.0	18.64
30.6	-116.0	17.48
30.8	-116.0	2.37
31.0	-116.0	0.93
31.2	-116.0	2.81
31.4	-116.0	4.67
31.6	-116.0	5.85
31.8	-116.0	18.37
32.0	-116.0	19.41
32.2	-116.0	61.98
32.4	-116.0	73.82
32.6	-116.0	12.08
32.8	-116.0	100.0
33.0	-116.0	100.0
33.2	-116.0	99.98
33.4	-116.0	99.98
33.6	-116.0	80.48
33.8	-116.0	63.86
34.0	-116.0	99.67
34.2	-116.0	56.53
34.4	-116.0	60.36
34.6	-116.0	89.67
34.8	-116.0	29.87
35.0	-116.0	35.42
35.2	-116.0	0.0
35.4	-116.0	0.0
35.6	-116.0	0.0
35.8	-116.0	0.01
25.0	-115.8	7.0
25.2	-115.8	0.0
25.4	-115.8	0.0
25.6	-115.8	0.0
25.8	-115.8	0.0
26.0	-115.8	0.0
26.2	-115.8	0.0
26.4	-115.8	0.0
26.6	-115.8	0.0
26.8	-115.8	0.0
27.0	-115.8	0.0
27.2	-115.8	0.0
27.4	-115.8	0.0
27.6	-115.8	0.0
27.8	-115.8	0.0
28.0	-115.8	0.0
28.2	-115.8	0.0
28.4	-115.8	0.0
28.6	-115.8	0.0
28.8	-115.8	0.0
29.0	-115.8	0.0
29.2	-115.8	0.0
29.4	-115.8	0.0
29.6	-115.8	0.0
29.8	-115.8	0.0
30.0	-115.8	0.0
30.2	-115.8	18.61
30.4	-115.8	33.81
30.6	-115.8	31.8
30.8	-115.8	3.03
31.0	-115.8	0.0
31.2	-115.8	4.66
31.4	-115.8	9.11
31.6	-115.8	9.42
31.8	-115.8	12.66
32.0	-115.8	12.96
32.2	-115.8	98.25
32.4	-115.8	99.77
32.6	-115.8	99.6
32.8	-115.8	100.0
33.0	-115.8	100.0
33.2	-115.8	100.0
33.4	-115.8	100.0
33.6	-115.8	91.12
33.8	-115.8	9.33
34.0	-115.8	60.85
34.2	-115.8	8.56
34.4	-115.8	18.92
34.6	-115.8	2.32
34.8	-115.8	6.11
35.0	-115.8	0.0
35.2	-115.8	0.0
35.4	-115.8	0.0
35.6	-115.8	0.0
35.8	-115.8	0.87
25.0	-115.6	25.0
25.2	-115.6	0.0
25.4	-115.6	0.0
25.6	-115.6	0.0
25.8	-115.6	0.0
26.0	-115.6	0.0
26.2	-115.6	0.0
26.4	-115.6	0.0
26.6	-115.6	0.0
26.8	-115.6	0.0
27.0	-115.6	0.0
27.2	-115.6	1.41
27.4	-115.6	2.82
27.6	-115.6	2.84
27.8	-115.6	0.19
28.0	-115.6	0.2
28.2	-115.6	0.1
28.4	-115.6	0.0
28.6	-115.6	0.0
28.8	-115.6	0.0
29.0	-115.6	0.0
29.2	-115.6	0.0
29.4	-115.6	0.0
29.6	-115.6	0.0
29.8	-115.6	0.0
30.0	-115.6	0.0
30.2	-115.6	16.57
30.4	-115.6	30.43
30.6	-115.6	28.3
30.8	-115.6	3.03
31.0	-115.6	0.0
31.2	-115.6	4.1
31.4	-115.6	8.03
31.6	-115.6	8.34
31.8	-115.6	21.55
32.0	-115.6	21.89
32.2	-115.6	97.76
32.4	-115.6	99.44
32.6	-115.6	100.0
32.8	-115.6	100.0
33.0	-115.6	99.87
33.2	-115.6	100.0
33.4	-115.6	100.0
33.6	-115.6	93.68
33.8	-115.6	2.58
34.0	-115.6	44.85
34.2	-115.6	27.25
34.4	-115.6	12.67
34.6	-115.6	0.02
34.8	-115.6	0.0
35.0	-115.6	0.0
35.2	-115.6	0.0
35.4	-115.6	0.0
35.6	-115.6	0.0
35.8	-115.6	0.0
25.0	-115.4	7.98
25.2	-115.4	0.0
25.4	-115.4	0.0
25.6	-115.4	0.0
25.8	-115.4	0.0
26.0	-115.4	0.0
26.2	-115.4	0.0
26.4	-115.4	0.0
26.6	-115.4	0.0
26.8	-115.4	0.0
27.0	-115.4	0.0
27.2	-115.4	10.76
27.4	-115.4	20.39
27.6	-115.4	18.98
27.8	-115.4	3.25
28.0	-115.4	1.52
28.2	-115.4	0.76
28.4	-115.4	0.0
28.6	-115.4	0.0
28.8	-115.4	0.0
29.0	-115.4	0.0
29.2	-115.4	0.0
29.4	-115.4	0.0
29.6	-115.4	0.0
29.8	-115.4	0.01
30.0	-115.4	0.01
30.2	-115.4	2.44
30.4	-115.4	4.86
30.6	-115.4	4.89
30.8	-115.4	0.01
31.0	-115.4	0.01
31.2	-115.4	0.59
31.4	-115.4	1.19
31.6	-115.4	8.21
31.8	-115.4	55.78
32.0	-115.4	58.98
32.2	-115.4	99.93
32.4	-115.4	100.0
32.6	-115.4	100.0
32.8	-115.4	98.91
33.0	-115.4	98.62
33.2	-115.4	99.43
33.4	-115.4	99.03
33.6	-115.4	3.01
33.8	-115.4	0.0
34.0	-115.4	8.63
34.2	-115.4	0.04
34.4	-115.4	0.0
34.6	-115.4	0.0
34.8	-115.4	0.0
35.0	-115.4	0.0
35.2	-115.4	0.0
35.4	-115.4	0.0
35.6	-115.4	0.0
35.8	-115.4	0.0
25.0	-115.2	3.36
25.2	-115.2	0.0
25.4	-115.2	0.0
25.6	-115.2	0.0
25.8	-115.2	0.0
26.0	-115.2	0.0
26.2	-115.2	0.0
26.4	-115.2	0.0
26.6	-115.2	0.0
26.8	-115.2	0.0
27.0	-115.2	0.0
27.2	-115.2	12.02
27.4	-115.2	22.63
27.6	-115.2	21.28
27.8	-115.2	3.44
28.0	-115.2	1.71
28.2	-115.2	0.86
28.4	-115.2	0.0
28.6	-115.2	0.0
28.8	-115.2	0.0
29.0	-115.2	0.0
29.2	-115.2	0.0
29.4	-115.2	0.0
29.6	-115.2	0.0
29.8	-115.2	0.01
30.0	-115.2	0.01
30.2	-115.2	0.01
30.4	-115.2	0.01
30.6	-115.2	0.01
30.8	-115.2	0.01
31.0	-115.2	0.01
31.2	-115.2	0.01
31.4	-115.2	0.01
31.6	-115.2	7.12
31.8	-115.2	60.28
32.0	-115.2	63.19
32.2	-115.2	100.0
32.4	-115.2	100.0
32.6	-115.2	100.0
32.8	-115.2	99.56
33.0	-115.2	94.38
33.2	-115.2	0.0
33.4	-115.2	0.0
33.6	-115.2	0.0
33.8	-115.2	0.0
34.0	-115.2	0.0
34.2	-115.2	0.0
34.4	-115.2	0.0
34.6	-115.2	0.0
34.8	-115.2	8.06
35.0	-115.2	2.1
35.2	-115.2	0.0
35.4	-115.2	0.0
35.6	-115.2	0.0
35.8	-115.2	0.0
25.0	-115.0	6.79
25.2	-115.0	0.0
25.4	-115.0	0.0
25.6	-115.0	0.0
25.8	-115.0	0.0
26.0	-115.0	0.0
26.2	-115.0	0.0
26.4	-115.0	0.0
26.6	-115.0	0.0
26.8	-115.0	0.0
27.0	-115.0	0.0
27.2	-115.0	6.2
27.4	-115.0	12.04
27.6	-115.0	11.28
27.8	-115.0	1.74
28.0	-115.0	0.86
28.2	-115.0	8.14
28.4	-115.0	14.9
28.6	-115.0	13.9
28.8	-115.0	1.2
29.0	-115.0	0.0
29.2	-115.0	8.67
29.4	-115.0	16.62
29.6	-115.0	16.74
29.8	-115.0	17.82
30.0	-115.0	17.94
30.2	-115.0	9.88
30.4	-115.0	0.99
30.6	-115.0	0.92
30.8	-115.0	0.08
31.0	-115.0	0.01
31.2	-115.0	0.01
31.4	-115.0	0.01
31.6	-115.0	5.4
31.8	-115.0	50.0
32.0	-115.0	52.77
32.2	-115.0	100.0
32.4	-115.0	100.0
32.6	-115.0	99.93
32.8	-115.0	36.03
33.0	-115.0	0.0
33.2	-115.0	0.0
33.4	-115.0	0.0
33.6	-115.0	0.0
33.8	-115.0	0.0
34.0	-115.0	0.0
34.2	-115.0	0.0
34.4	-115.0	0.0
34.6	-115.0	0.0
34.8	-115.0	3.83
35.0	-115.0	0.02
35.2	-115.0	0.0
35.4	-115.0	0.0
35.6	-115.0	0.0
35.8	-115.0	0.0
25.0	-114.8	8.98
25.2	-114.8	0.0
25.4	-114.8	0.0
25.6	-114.8	0.0
25.8	-114.8	0.0
26.0	-114.8	0.0
26.2	-114.8	0.0
26.4	-114.8	0.0
26.6	-114.8	0.0
26.8	-114.8	0.0
27.0	-114.8	0.0
27.2	-114.8	0.0
27.4	-114.8	0.0
27.6	-114.8	0.0
27.8	-114.8	0.0
28.0	-114.8	0.0
28.2	-114.8	14.88
28.4	-114.8	27.59
28.6	-114.8	25.87
28.8	-114.8	2.38
29.0	-114.8	0.01
29.2	-114.8	16.59
29.4	-114.8	30.48
29.6	-114.8	30.68
29.8	-114.8	32.46
30.0	-114.8	32.66
30.2	-114.8	18.78
30.4	-114.8	1.96
30.6	-114.8	1.82
30.8	-114.8	0.16
31.0	-114.8	0.01
31.2	-114.8	0.01
31.4	-114.8	0.01
31.6	-114.8	3.64
31.8	-114.8	37.05
32.0	-114.8	39.41
32.2	-114.8	94.95
32.4	-114.8	70.95
32.6	-114.8	28.89
32.8	-114.8	12.28
33.0	-114.8	0.0
33.2	-114.8	0.0
33.4	-114.8	0.0
33.6	-114.8	0.0
33.8	-114.8	0.0
34.0	-114.8	0.0
34.2	-114.8	0.0
34.4	-114.8	0.0
34.6	-114.8	2.34
34.8	-114.8	8.95
35.0	-114.8	0.0
35.2	-114.8	0.0
35.4	-114.8	0.0
35.6	-114.8	0.0
35.8	-114.8	0.0
25.0	-114.6	4.79
25.2	-114.6	0.0
25.4	-114.6	0.0
25.6	-114.6	0.0
25.8	-114.6	0.0
26.0	-114.6	0.0
26.2	-114.6	0.0
26.4	-114.6	0.0
26.6	-114.6	0.0
26.8	-114.6	7.97
27.0	-114.6	8.02
27.2	-114.6	4.12
27.4	-114.6	0.0
27.6	-114.6	0.0
27.8	-114.6	0.0
28.0	-114.6	0.0
28.2	-114.6	13.3
28.4	-114.6	24.86
28.6	-114.6	23.07
28.8	-114.6	2.38
29.0	-114.6	0.01
29.2	-114.6	19.89
29.4	-114.6	35.91
29.6	-114.6	36.13
29.8	-114.6	29.39
30.0	-114.6	29.58
30.2	-114.6	16.93
30.4	-114.6	1.97
30.6	-114.6	1.88
30.8	-114.6	53.99
31.0	-114.6	54.21
31.2	-114.6	34.41
31.4	-114.6	5.56
31.6	-114.6	9.02
31.8	-114.6	37.04
32.0	-114.6	39.39
32.2	-114.6	90.77
32.4	-114.6	55.83
32.6	-114.6	37.68
32.8	-114.6	19.81
33.0	-114.6	0.0
33.2	-114.6	0.0
33.4	-114.6	0.0
33.6	-114.6	0.0
33.8	-114.6	0.0
34.0	-114.6	0.0
34.2	-114.6	0.0
34.4	-114.6	0.0
34.6	-114.6	0.02
34.8	-114.6	4.26
35.0	-114.6	0.0
35.2	-114.6	0.0
35.4	-114.6	0.0
35.6	-114.6	0.0
35.8	-114.6	0.0
25.0	-114.4	2.14
25.2	-114.4	0.0
25.4	-114.4	0.0
25.6	-114.4	0.0
25.8	-114.4	0.0
26.0	-114.4	0.0
26.2	-114.4	0.0
26.4	-114.4	0.0
26.6	-114.4	5.44
26.8	-114.4	46.02
27.0	-114.4	49.0
27.2	-114.4	28.61
27.4	-114.4	0.0
27.6	-114.4	0.0
27.8	-114.4	0.0
28.0	-114.4	0.0
28.2	-114.4	1.82
28.4	-114.4	3.63
28.6	-114.4	3.66
28.8	-114.4	0.01
29.0	-114.4	0.01
29.2	-114.4	38.53
29.4	-114.4	62.27
29.6	-114.4	59.31
29.8	-114.4	13.19
30.0	-114.4	6.27
30.2	-114.4	4.19
30.4	-114.4	2.04
30.6	-114.4	38.7
30.8	-114.4	99.4
31.0	-114.4	99.63
31.2	-114.4	95.04
31.4	-114.4	33.23
31.6	-114.4	33.44
31.8	-114.4	39.04
32.0	-114.4	39.27
32.2	-114.4	22.12
32.4	-114.4	11.75
32.6	-114.4	9.46
32.8	-114.4	0.01
33.0	-114.4	0.0
33.2	-114.4	0.0
33.4	-114.4	0.0
33.6	-114.4	0.0
33.8	-114.4	0.0
34.0	-114.4	0.0
34.2	-114.4	6.05
34.4	-114.4	0.03
34.6	-114.4	0.0
34.8	-114.4	0.0
35.0	-114.4	0.0
35.2	-114.4	0.0
35.4	-114.4	0.0
35.6	-114.4	0.0
35.8	-114.4	0.0
25.0	-114.2	0.0
25.2	-114.2	0.0
25.4	-114.2	0.0
25.6	-114.2	0.0
25.8	-114.2	0.0
26.0	-114.2	0.0
26.2	-114.2	0.0
26.4	-114.2	0.0
26.6	-114.2	5.44
26.8	-114.2	50.32
27.0	-114.2	53.08
27.2	-114.2	31.55
27.4	-114.2	0.0
27.6	-114.2	0.0
27.8	-114.2	0.0
28.0	-114.2	0.0
28.2	-114.2	0.01
28.4	-114.2	0.01
28.6	-114.2	0.01
28.8	-114.2	0.01
29.0	-114.2	0.01
29.2	-114.2	40.96
29.4	-114.2	65.21
29.6	-114.2	62.51
29.8	-114.2	9.25
30.0	-114.2	1.97
30.2	-114.2	2.01
30.4	-114.2	2.04
30.6	-114.2	38.73
30.8	-114.2	99.72
31.0	-114.2	99.83
31.2	-114.2	96.74
31.4	-114.2	36.94
31.6	-114.2	37.16
31.8	-114.2	39.03
32.0	-114.2	39.25
32.2	-114.2	22.1
32.4	-114.2	3.71
32.6	-114.2	3.98
32.8	-114.2	7.9
33.0	-114.2	0.0
33.2	-114.2	0.0
33.4	-114.2	0.0
33.6	-114.2	0.0
33.8	-114.2	0.0
34.0	-114.2	0.0
34.2	-114.2	12.87
34.4	-114.2	3.4
34.6	-114.2	0.0
34.8	-114.2	0.0
35.0	-114.2	0.0
35.2	-114.2	0.0
35.4	-114.2	0.0
35.6	-114.2	0.0
35.8	-114.2	0.0
25.0	-114.0	0.0
25.2	-114.0	0.0
25.4	-114.0	0.0
25.6	-114.0	0.0
25.8	-114.0	0.0
26.0	-114.0	0.0
26.2	-114.0	0.0
26.4	-114.0	0.0
26.6	-114.0	2.76
26.8	-114.0	29.51
27.0	-114.0	31.51
27.2	-114.0	17.27
27.4	-114.0	0.0
27.6	-114.0	0.0
27.8	-114.0	0.0
28.0	-114.0	0.0
28.2	-114.0	0.01
28.4	-114.0	0.01
28.6	-114.0	0.01
28.8	-114.0	0.02
29.0	-114.0	0.02
29.2	-114.0	40.84
29.4	-114.0	65.07
29.6	-114.0	62.39
29.8	-114.0	10.05
30.0	-114.0	2.95
30.2	-114.0	3.48
30.4	-114.0	4.01
30.6	-114.0	23.98
30.8	-114.0	94.81
31.0	-114.0	95.92
31.2	-114.0	82.15
31.4	-114.0	21.46
31.6	-114.0	21.53
31.8	-114.0	21.98
32.0	-114.0	22.06
32.2	-114.0	11.74
32.4	-114.0	0.0
32.6	-114.0	13.2
32.8	-114.0	19.3
33.0	-114.0	0.0
33.2	-114.0	0.0
33.4	-114.0	0.0
33.6	-114.0	0.0
33.8	-114.0	0.0
34.0	-114.0	0.0
34.2	-114.0	0.0
34.4	-114.0	0.0
34.6	-114.0	0.0
34.8	-114.0	0.0
35.0	-114.0	0.0
35.2	-114.0	0.0
35.4	-114.0	0.0
35.6	-114.0	0.0
35.8	-114.0	0.0
25.0	-113.8	0.0
25.2	-113.8	0.0
25.4	-113.8	0.0
25.6	-113.8	0.0
25.8	-113.8	0.0
26.0	-113.8	0.0
26.2	-113.8	0.0
26.4	-113.8	0.0
26.6	-113.8	0.0
26.8	-113.8	0.0
27.0	-113.8	0.0
27.2	-113.8	0.0
27.4	-113.8	0.0
27.6	-113.8	0.0
27.8	-113.8	0.0
28.0	-113.8	0.01
28.2	-113.8	0.01
28.4	-113.8	0.01
28.6	-113.8	0.02
28.8	-113.8	0.03
29.0	-113.8	0.03
29.2	-113.8	40.72
29.4	-113.8	64.92
29.6	-113.8	62.27
29.8	-113.8	10.85
30.0	-113.8	3.92
30.2	-113.8	4.94
30.4	-113.8	5.94
30.6	-113.8	5.68
30.8	-113.8	2.39
31.0	-113.8	2.11
31.2	-113.8	2.14
31.4	-113.8	2.18
31.6	-113.8	2.03
31.8	-113.8	0.17
32.0	-113.8	0.0
32.2	-113.8	0.0
32.4	-113.8	2.29
32.6	-113.8	8.97
32.8	-113.8	0.0
33.0	-113.8	0.0
33.2	-113.8	0.0
33.4	-113.8	0.0
33.6	-113.8	0.0
33.8	-113.8	0.0
34.0	-113.8	0.0
34.2	-113.8	0.0
34.4	-113.8	0.0
34.6	-113.8	0.0
34.8	-113.8	0.0
35.0	-113.8	8.7
35.2	-113.8	2.28
35.4	-113.8	0.0
35.6	-113.8	0.0
35.8	-113.8	0.0
25.0	-113.6	0.0
25.2	-113.6	1.11
25.4	-113.6	2.21
25.6	-113.6	2.23
25.8	-113.6	0.0
26.0	-113.6	0.0
26.2	-113.6	0.0
26.4	-113.6	0.0
26.6	-113.6	0.0
26.8	-113.6	0.0
27.0	-113.6	0.0
27.2	-113.6	0.0
27.4	-113.6	0.0
27.6	-113.6	0.0
27.8	-113.6	0.01
28.0	-113.6	0.01
28.2	-113.6	3.32
28.4	-113.6	6.57
28.6	-113.6	6.62
28.8	-113.6	0.26
29.0	-113.6	0.26
29.2	-113.6	40.67
29.4	-113.6	64.78
29.6	-113.6	62.12
29.8	-113.6	24.52
30.0	-113.6	18.75
30.2	-113.6	12.42
30.4	-113.6	5.48
30.6	-113.6	5.21
30.8	-113.6	2.14
31.0	-113.6	1.85
31.2	-113.6	1.88
31.4	-113.6	1.92
31.6	-113.6	1.76
31.8	-113.6	5.96
32.0	-113.6	5.86
32.2	-113.6	2.99
32.4	-113.6	0.01
32.6	-113.6	3.93
32.8	-113.6	0.0
33.0	-113.6	0.0
33.2	-113.6	0.0
33.4	-113.6	0.0
33.6	-113.6	0.0
33.8	-113.6	0.0
34.0	-113.6	0.0
34.2	-113.6	0.0
34.4	-113.6	0.0
34.6	-113.6	0.0
34.8	-113.6	0.0
35.0	-113.6	4.17
35.2	-113.6	0.02
35.4	-113.6	0.0
35.6	-113.6	0.0
35.8	-113.6	0.0
25.0	-113.4	0.0
25.2	-113.4	8.98
25.4	-113.4	17.17
25.6	-113.4	15.88
25.8	-113.4	1.56
26.0	-113.4	0.0
26.2	-113.4	0.0
26.4	-113.4	0.0
26.6	-113.4	0.0
26.8	-113.4	0.0
27.0	-113.4	0.0
27.2	-113.4	0.0
27.4	-113.4	0.0
27.6	-113.4	0.0
27.8	-113.4	0.01
28.0	-113.4	0.01
28.2	-113.4	23.07
28.4	-113.4	40.85
28.6	-113.4	38.32
28.8	-113.4	5.84
29.0	-113.4	1.74
29.2	-113.4	40.33
29.4	-113.4	63.84
29.6	-113.4	65.03
29.8	-113.4	71.19
30.0	-113.4	72.13
30.2	-113.4	47.92
30.4	-113.4	2.53
30.6	-113.4	2.39
30.8	-113.4	0.42
31.0	-113.4	0.27
31.2	-113.4	0.27
31.4	-113.4	0.28
31.6	-113.4	3.74
31.8	-113.4	31.83
32.0	-113.4	34.24
32.2	-113.4	18.93
32.4	-113.4	0.0
32.6	-113.4	0.0
32.8	-113.4	0.0
33.0	-113.4	0.0
33.2	-113.4	0.0
33.4	-113.4	0.0
33.6	-113.4	0.0
33.8	-113.4	0.0
34.0	-113.4	0.0
34.2	-113.4	0.0
34.4	-113.4	0.0
34.6	-113.4	0.0
34.8	-113.4	0.0
35.0	-113.4	0.0
35.2	-113.4	0.0
35.4	-113.4	0.0
35.6	-113.4	0.0
35.8	-113.4	0.0
25.0	-113.2	0.0
25.2	-113.2	9.99
25.4	-113.2	19.0
25.6	-113.2	17.75
25.8	-113.2	1.56
26.0	-113.2	0.0
26.2	-113.2	0.0
26.4	-113.2	0.0
26.6	-113.2	0.0
26.8	-113.2	0.0
27.0	-113.2	0.0
27.2	-113.2	0.0
27.4	-113.2	0.0
27.6	-113.2	0.0
27.8	-113.2	0.01
28.0	-113.2	0.01
28.2	-113.2	25.62
28.4	-113.2	44.73
28.6	-113.2	42.39
28.8	-113.2	6.05
29.0	-113.2	1.96
29.2	-113.2	40.28
29.4	-113.2	63.69
29.6	-113.2	64.88
29.8	-113.2	75.61
30.0	-113.2	76.43
30.2	-113.2	52.02
30.4	-113.2	2.05
30.6	-113.2	1.91
30.8	-113.2	0.16
31.0	-113.2	0.01
31.2	-113.2	0.01
31.4	-113.2	0.01
31.6	-113.2	3.48
31.8	-113.2	35.79
32.0	-113.2	38.09
32.2	-113.2	21.36
32.4	-113.2	0.0
32.6	-113.2	0.0
32.8	-113.2	0.0
33.0	-113.2	0.0
33.2	-113.2	0.0
33.4	-113.2	0.0
33.6	-113.2	0.0
33.8	-113.2	0.0
34.0	-113.2	0.0
34.2	-113.2	0.0
34.4	-113.2	0.0
34.6	-113.2	0.0
34.8	-113.2	0.0
35.0	-113.2	0.0
35.2	-113.2	0.0
35.4	-113.2	0.0
35.6	-113.2	0.0
35.8	-113.2	0.0
25.0	-113.0	0.0
25.2	-113.0	11.17
25.4	-113.0	10.0
25.6	-113.0	9.31
25.8	-113.0	0.78
26.0	-113.0	0.0
26.2	-113.0	0.0
26.4	-113.0	0.0
26.6	-113.0	0.0
26.8	-113.0	0.0
27.0	-113.0	0.0
27.2	-113.0	0.0
27.4	-113.0	0.01
27.6	-113.0	0.01
27.8	-113.0	0.01
28.0	-113.0	0.01
28.2	-113.0	25.57
28.4	-113.0	44.66
28.6	-113.0	44.21
28.8	-113.0	38.05
29.0	-113.0	37.53
29.2	-113.0	55.6
29.4	-113.0	68.48
29.6	-113.0	67.94
29.8	-113.0	60.06
30.0	-113.0	59.35
30.2	-113.0	36.63
30.4	-113.0	1.04
30.6	-113.0	0.96
30.8	-113.0	0.08
31.0	-113.0	0.01
31.2	-113.0	0.01
31.4	-113.0	0.0
31.6	-113.0	1.76
31.8	-113.0	19.87
32.0	-113.0	21.32
32.2	-113.0	11.32
32.4	-113.0	0.0
32.6	-113.0	0.0
32.8	-113.0	0.0
33.0	-113.0	0.0
33.2	-113.0	0.0
33.4	-113.0	0.0
33.6	-113.0	0.0
33.8	-113.0	0.0
34.0	-113.0	0.0
34.2	-113.0	0.0
34.4	-113.0	0.0
34.6	-113.0	0.0
34.8	-113.0	0.0
35.0	-113.0	0.0
35.2	-113.0	0.0
35.4	-113.0	0.0
35.6	-113.0	0.0
35.8	-113.0	0.0
25.0	-112.8	0.0
25.2	-112.8	12.35
25.4	-112.8	0.0
25.6	-112.8	0.0
25.8	-112.8	0.0
26.0	-112.8	0.0
26.2	-112.8	0.0
26.4	-112.8	0.0
26.6	-112.8	0.0
26.8	-112.8	0.0
27.0	-112.8	0.0
27.2	-112.8	0.01
27.4	-112.8	0.01
27.6	-112.8	0.01
27.8	-112.8	0.01
28.0	-112.8	0.01
28.2	-112.8	25.52
28.4	-112.8	44.58
28.6	-112.8	45.97
28.8	-112.8	59.15
29.0	-112.8	60.2
29.2	-112.8	66.99
29.4	-112.8	72.64
29.6	-112.8	70.73
29.8	-112.8	34.61
30.0	-112.8	29.91
30.2	-112.8	16.31
30.4	-112.8	0.01
30.6	-112.8	0.01
30.8	-112.8	0.01
31.0	-112.8	0.0
31.2	-112.8	0.0
31.4	-112.8	0.0
31.6	-112.8	0.0
31.8	-112.8	0.0
32.0	-112.8	0.0
32.2	-112.8	0.0
32.4	-112.8	0.0
32.6	-112.8	0.0
32.8	-112.8	0.0
33.0	-112.8	0.0
33.2	-112.8	0.0
33.4	-112.8	0.0
33.6	-112.8	0.0
33.8	-112.8	0.0
34.0	-112.8	0.0
34.2	-112.8	0.0
34.4	-112.8	0.0
34.6	-112.8	0.0
34.8	-112.8	0.0
35.0	-112.8	0.0
35.2	-112.8	0.0
35.4	-112.8	0.0
35.6	-112.8	0.0
35.8	-112.8	0.0
25.0	-112.6	0.0
25.2	-112.6	13.57
25.4	-112.6	0.0
25.6	-112.6	0.0
25.8	-112.6	0.0
26.0	-112.6	0.0
26.2	-112.6	0.0
26.4	-112.6	0.0
26.6	-112.6	0.0
26.8	-112.6	0.0
27.0	-112.6	0.0
27.2	-112.6	2.65
27.4	-112.6	5.25
27.6	-112.6	5.29
27.8	-112.6	9.13
28.0	-112.6	9.19
28.2	-112.6	35.87
28.4	-112.6	54.79
28.6	-112.6	55.98
28.8	-112.6	56.14
29.0	-112.6	57.24
29.2	-112.6	63.09
29.4	-112.6	68.15
29.6	-112.6	65.88
29.8	-112.6	31.8
30.0	-112.6	26.87
30.2	-112.6	14.51
30.4	-112.6	0.01
30.6	-112.6	0.01
30.8	-112.6	0.0
31.0	-112.6	0.0
31.2	-112.6	0.0
31.4	-112.6	0.0
31.6	-112.6	0.0
31.8	-112.6	0.0
32.0	-112.6	0.0
32.2	-112.6	0.0
32.4	-112.6	0.0
32.6	-112.6	0.0
32.8	-112.6	0.0
33.0	-112.6	0.0
33.2	-112.6	0.0
33.4	-112.6	0.0
33.6	-112.6	0.0
33.8	-112.6	0.0
34.0	-112.6	0.0
34.2	-112.6	0.0
34.4	-112.6	0.0
34.6	-112.6	0.0
34.8	-112.6	0.0
35.0	-112.6	0.0
35.2	-112.6	0.0
35.4	-112.6	0.0
35.6	-112.6	0.06
35.8	-112.6	17.86
25.0	-112.4	18.04
25.2	-112.4	22.14
25.4	-112.4	0.0
25.6	-112.4	0.0
25.8	-112.4	0.01
26.0	-112.4	0.01
26.2	-112.4	0.01
26.4	-112.4	0.01
26.6	-112.4	0.01
26.8	-112.4	0.01
27.0	-112.4	0.01
27.2	-112.4	19.31
27.4	-112.4	34.91
27.6	-112.4	36.67
27.8	-112.4	51.64
28.0	-112.4	52.96
28.2	-112.4	76.75
28.4	-112.4	88.53
28.6	-112.4	86.67
28.8	-112.4	41.04
29.0	-112.4	31.31
29.2	-112.4	23.2
29.4	-112.4	14.13
29.6	-112.4	14.22
29.8	-112.4	4.13
30.0	-112.4	4.16
30.2	-112.4	2.12
30.4	-112.4	0.0
30.6	-112.4	0.0
30.8	-112.4	0.0
31.0	-112.4	0.0
31.2	-112.4	0.0
31.4	-112.4	0.0
31.6	-112.4	0.0
31.8	-112.4	0.0
32.0	-112.4	0.0
32.2	-112.4	0.0
32.4	-112.4	0.0
32.6	-112.4	0.0
32.8	-112.4	0.0
33.0	-112.4	0.0
33.2	-112.4	0.0
33.4	-112.4	0.0
33.6	-112.4	0.0
33.8	-112.4	0.0
34.0	-112.4	0.0
34.2	-112.4	0.0
34.4	-112.4	0.0
34.6	-112.4	0.0
34.8	-112.4	0.0
35.0	-112.4	0.0
35.2	-112.4	0.0
35.4	-112.4	0.0
35.6	-112.4	9.89
35.8	-112.4	67.18
25.0	-112.2	70.49
25.2	-112.2	23.23
25.4	-112.2	0.0
25.6	-112.2	0.0
25.8	-112.2	0.01
26.0	-112.2	0.01
26.2	-112.2	0.01
26.4	-112.2	0.01
26.6	-112.2	0.01
26.8	-112.2	0.01
27.0	-112.2	0.01
27.2	-112.2	21.44
27.4	-112.2	38.33
27.6	-112.2	40.02
27.8	-112.2	56.05
28.0	-112.2	57.28
28.2	-112.2	79.98
28.4	-112.2	90.64
28.6	-112.2	89.14
28.8	-112.2	36.69
29.0	-112.2	26.2
29.2	-112.2	14.12
29.4	-112.2	0.01
29.6	-112.2	0.01
29.8	-112.2	0.01
30.0	-112.2	0.01
30.2	-112.2	0.01
30.4	-112.2	0.0
30.6	-112.2	0.0
30.8	-112.2	0.0
31.0	-112.2	0.0
31.2	-112.2	0.0
31.4	-112.2	0.0
31.6	-112.2	0.0
31.8	-112.2	0.0
32.0	-112.2	0.0
32.2	-112.2	0.0
32.4	-112.2	0.0
32.6	-112.2	0.0
32.8	-112.2	0.0
33.0	-112.2	0.0
33.2	-112.2	0.0
33.4	-112.2	0.0
33.6	-112.2	0.0
33.8	-112.2	0.0
34.0	-112.2	0.0
34.2	-112.2	0.0
34.4	-112.2	0.0
34.6	-112.2	0.0
34.8	-112.2	0.0
35.0	-112.2	0.0
35.2	-112.2	0.0
35.4	-112.2	0.0
35.6	-112.2	9.94
35.8	-112.2	73.04
25.0	-112.0	75.81
25.2	-112.0	12.38
25.4	-112.0	0.01
25.6	-112.0	0.01
25.8	-112.0	0.01
26.0	-112.0	0.01
26.2	-112.0	0.5
26.4	-112.0	0.99
26.6	-112.0	0.92
26.8	-112.0	0.09
27.0	-112.0	0.02
27.2	-112.0	11.81
27.4	-112.0	22.25
27.6	-112.0	23.32
27.8	-112.0	34.37
28.0	-112.0	35.3
28.2	-112.0	61.44
28.4	-112.0	77.07
28.6	-112.0	74.77
28.8	-112.0	22.12
29.0	-112.0	14.1
29.2	-112.0	7.33
29.4	-112.0	0.01
29.6	-112.0	0.01
29.8	-112.0	0.0
30.0	-112.0	0.0
30.2	-112.0	0.0
30.4	-112.0	0.0
30.6	-112.0	0.0
30.8	-112.0	0.0
31.0	-112.0	0.0
31.2	-112.0	0.0
31.4	-112.0	0.0
31.6	-112.0	0.0
31.8	-112.0	0.0
32.0	-112.0	0.0
32.2	-112.0	0.0
32.4	-112.0	0.0
32.6	-112.0	0.0
32.8	-112.0	0.0
33.0	-112.0	0.0
33.2	-112.0	0.0
33.4	-112.0	0.0
33.6	-112.0	0.0
33.8	-112.0	0.0
34.0	-112.0	0.0
34.2	-112.0	0.0
34.4	-112.0	0.0
34.6	-112.0	4.69
34.8	-112.0	45.16
35.0	-112.0	47.82
35.2	-112.0	52.53
35.4	-112.0	56.84
35.6	-112.0	56.49
35.8	-112.0	51.23
25.0	-111.8	50.82
25.2	-111.8	0.01
25.4	-111.8	0.01
25.6	-111.8	0.01
25.8	-111.8	0.01
26.0	-111.8	0.01
26.2	-111.8	0.99
26.4	-111.8	1.96
26.6	-111.8	1.82
26.8	-111.8	0.17
27.0	-111.8	0.03
27.2	-111.8	1.0
27.4	-111.8	1.97
27.6	-111.8	1.98
27.8	-111.8	2.0
28.0	-111.8	2.01
28.2	-111.8	25.75
28.4	-111.8	43.79
28.6	-111.8	41.4
28.8	-111.8	4.2
29.0	-111.8	0.01
29.2	-111.8	0.01
29.4	-111.8	0.0
29.6	-111.8	0.0
29.8	-111.8	0.0
30.0	-111.8	0.0
30.2	-111.8	0.0
30.4	-111.8	0.0
30.6	-111.8	0.0
30.8	-111.8	0.0
31.0	-111.8	0.0
31.2	-111.8	0.0
31.4	-111.8	0.0
31.6	-111.8	0.0
31.8	-111.8	0.0
32.0	-111.8	0.0
32.2	-111.8	0.0
32.4	-111.8	0.0
32.6	-111.8	0.0
32.8	-111.8	0.0
33.0	-111.8	0.0
33.2	-111.8	0.0
33.4	-111.8	0.0
33.6	-111.8	0.0
33.8	-111.8	0.0
34.0	-111.8	0.0
34.2	-111.8	0.0
34.4	-111.8	0.0
34.6	-111.8	9.15
34.8	-111.8	69.92
35.0	-111.8	72.77
35.2	-111.8	77.47
35.4	-111.8	81.37
35.6	-111.8	78.98
35.8	-111.8	11.77
25.0	-111.6	0.0
25.2	-111.6	0.01
25.4	-111.6	0.01
25.6	-111.6	0.01
25.8	-111.6	2.86
26.0	-111.6	2.88
26.2	-111.6	3.64
26.4	-111.6	4.4
26.6	-111.6	4.28
26.8	-111.6	0.39
27.0	-111.6	0.25
27.2	-111.6	1.11
27.4	-111.6	1.98
27.6	-111.6	1.98
27.8	-111.6	18.89
28.0	-111.6	19.0
28.2	-111.6	31.43
28.4	-111.6	41.92
28.6	-111.6	39.43
28.8	-111.6	4.43
29.0	-111.6	0.25
29.2	-111.6	0.13
29.4	-111.6	0.0
29.6	-111.6	0.0
29.8	-111.6	0.0
30.0	-111.6	0.0
30.2	-111.6	0.0
30.4	-111.6	0.0
30.6	-111.6	0.0
30.8	-111.6	0.0
31.0	-111.6	0.0
31.2	-111.6	0.0
31.4	-111.6	0.0
31.6	-111.6	0.0
31.8	-111.6	0.0
32.0	-111.6	0.0
32.2	-111.6	0.0
32.4	-111.6	0.0
32.6	-111.6	0.0
32.8	-111.6	0.0
33.0	-111.6	0.0
33.2	-111.6	0.0
33.4	-111.6	0.0
33.6	-111.6	0.0
33.8	-111.6	0.0
34.0	-111.6	0.0
34.2	-111.6	0.0
34.4	-111.6	0.0
34.6	-111.6	9.11
34.8	-111.6	64.15
35.0	-111.6	67.48
35.2	-111.6	72.36
35.4	-111.6	76.51
35.6	-111.6	73.47
35.8	-111.6	11.7
25.0	-111.4	0.0
25.2	-111.4	0.01
25.4	-111.4	0.01
25.6	-111.4	1.99
25.8	-111.4	19.82
26.0	-111.4	21.43
26.2	-111.4	20.84
26.4	-111.4	20.24
26.6	-111.4	18.88
26.8	-111.4	3.48
27.0	-111.4	1.81
27.2	-111.4	1.91
27.4	-111.4	2.01
27.6	-111.4	13.46
27.8	-111.4	74.97
28.0	-111.4	77.94
28.2	-111.4	60.04
28.4	-111.4	27.55
28.6	-111.4	26.15
28.8	-111.4	3.76
29.0	-111.4	1.82
29.2	-111.4	0.91
29.4	-111.4	0.0
29.6	-111.4	0.0
29.8	-111.4	0.0
30.0	-111.4	0.0
30.2	-111.4	0.0
30.4	-111.4	0.0
30.6	-111.4	0.0
30.8	-111.4	0.0
31.0	-111.4	0.0
31.2	-111.4	0.0
31.4	-111.4	0.0
31.6	-111.4	0.0
31.8	-111.4	0.0
32.0	-111.4	0.0
32.2	-111.4	0.0
32.4	-111.4	0.0
32.6	-111.4	0.0
32.8	-111.4	0.0
33.0	-111.4	0.0
33.2	-111.4	0.0
33.4	-111.4	0.0
33.6	-111.4	0.0
33.8	-111.4	0.0
34.0	-111.4	0.0
34.2	-111.4	0.0
34.4	-111.4	0.0
34.6	-111.4	0.04
34.8	-111.4	16.1
35.0	-111.4	16.26
35.2	-111.4	18.48
35.4	-111.4	20.69
35.6	-111.4	20.77
35.8	-111.4	0.08
25.0	-111.2	0.0
25.2	-111.2	0.01
25.4	-111.2	0.01
25.6	-111.2	1.99
25.8	-111.2	22.1
26.0	-111.2	23.68
26.2	-111.2	22.96
26.4	-111.2	22.23
26.6	-111.2	20.92
26.8	-111.2	3.69
27.0	-111.2	2.02
27.2	-111.2	2.02
27.4	-111.2	2.02
27.6	-111.2	13.47
27.8	-111.2	79.29
28.0	-111.2	81.77
28.2	-111.2	63.1
28.4	-111.2	25.14
28.6	-111.2	23.67
28.8	-111.2	3.99
29.0	-111.2	2.05
29.2	-111.2	1.03
29.4	-111.2	0.0
29.6	-111.2	0.0
29.8	-111.2	0.0
30.0	-111.2	0.0
30.2	-111.2	0.0
30.4	-111.2	0.0
30.6	-111.2	0.0
30.8	-111.2	0.0
31.0	-111.2	0.0
31.2	-111.2	0.0
31.4	-111.2	0.0
31.6	-111.2	0.0
31.8	-111.2	0.0
32.0	-111.2	0.0
32.2	-111.2	0.0
32.4	-111.2	0.0
32.6	-111.2	0.0
32.8	-111.2	0.0
33.0	-111.2	0.0
33.2	-111.2	0.0
33.4	-111.2	0.0
33.6	-111.2	0.0
33.8	-111.2	0.0
34.0	-111.2	0.0
34.2	-111.2	0.0
34.4	-111.2	0.0
34.6	-111.2	0.0
34.8	-111.2	0.0
35.0	-111.2	0.0
35.2	-111.2	0.0
35.4	-111.2	0.0
35.6	-111.2	0.0
35.8	-111.2	0.0
25.0	-111.0	0.0
25.2	-111.0	0.01
25.4	-111.0	0.02
25.6	-111.0	2.95
25.8	-111.0	31.11
26.0	-111.0	33.18
26.2	-111.0	55.95
26.4	-111.0	71.0
26.6	-111.0	69.81
26.8	-111.0	51.02
27.0	-111.0	48.96
27.2	-111.0	28.97
27.4	-111.0	1.03
27.6	-111.0	6.99
27.8	-111.0	54.49
28.0	-111.0	57.3
28.2	-111.0	39.26
28.4	-111.0	13.48
28.6	-111.0	12.63
28.8	-111.0	2.02
29.0	-111.0	1.03
29.2	-111.0	0.52
29.4	-111.0	0.0
29.6	-111.0	0.0
29.8	-111.0	0.0
30.0	-111.0	0.0
30.2	-111.0	0.0
30.4	-111.0	0.0
30.6	-111.0	0.09
30.8	-111.0	1.12
31.0	-111.0	1.21
31.2	-111.0	0.61
31.4	-111.0	0.0
31.6	-111.0	0.0
31.8	-111.0	0.0
32.0	-111.0	0.0
32.2	-111.0	0.0
32.4	-111.0	0.0
32.6	-111.0	0.0
32.8	-111.0	0.0
33.0	-111.0	0.0
33.2	-111.0	0.0
33.4	-111.0	0.0
33.6	-111.0	0.0
33.8	-111.0	0.0
34.0	-111.0	0.0
34.2	-111.0	0.0
34.4	-111.0	0.0
34.6	-111.0	4.18
34.8	-111.0	41.38
35.0	-111.0	43.91
35.2	-111.0	25.16
35.4	-111.0	0.0
35.6	-111.0	0.0
35.8	-111.0	0.0
25.0	-110.8	0.0
25.2	-110.8	0.02
25.4	-110.8	0.02
25.6	-110.8	3.9
25.8	-110.8	39.07
26.0	-110.8	41.49
26.2	-110.8	74.81
26.4	-110.8	89.19
26.6	-110.8	88.48
26.8	-110.8	75.09
27.0	-110.8	73.42
27.2	-110.8	48.51
27.4	-110.8	0.03
27.6	-110.8	0.03
27.8	-110.8	0.01
28.0	-110.8	0.01
28.2	-110.8	0.01
28.4	-110.8	0.0
28.6	-110.8	0.0
28.8	-110.8	0.0
29.0	-110.8	0.0
29.2	-110.8	0.0
29.4	-110.8	0.0
29.6	-110.8	0.0
29.8	-110.8	0.0
30.0	-110.8	0.0
30.2	-110.8	0.0
30.4	-110.8	0.0
30.6	-110.8	0.18
30.8	-110.8	2.23
31.0	-110.8	2.41
31.2	-110.8	1.22
31.4	-110.8	0.0
31.6	-110.8	0.0
31.8	-110.8	0.0
32.0	-110.8	0.0
32.2	-110.8	0.0
32.4	-110.8	0.0
32.6	-110.8	0.0
32.8	-110.8	0.0
33.0	-110.8	0.0
33.2	-110.8	0.0
33.4	-110.8	0.0
33.6	-110.8	0.0
33.8	-110.8	0.0
34.0	-110.8	0.0
34.2	-110.8	0.0
34.4	-110.8	0.0
34.6	-110.8	8.18
34.8	-110.8	65.64
35.0	-110.8	68.54
35.2	-110.8	43.99
35.4	-110.8	0.0
35.6	-110.8	0.0
35.8	-110.8	0.0
25.0	-110.6	0.0
25.2	-110.6	12.05
25.4	-110.6	6.07
25.6	-110.6	9.75
25.8	-110.6	58.49
26.0	-110.6	60.24
26.2	-110.6	76.65
26.4	-110.6	86.27
26.6	-110.6	85.35
26.8	-110.6	71.2
27.0	-110.6	69.23
27.2	-110.6	44.57
27.4	-110.6	0.03
27.6	-110.6	0.03
27.8	-110.6	0.01
28.0	-110.6	0.01
28.2	-110.6	0.01
28.4	-110.6	0.0
28.6	-110.6	0.0
28.8	-110.6	0.0
29.0	-110.6	0.0
29.2	-110.6	0.0
29.4	-110.6	0.0
29.6	-110.6	0.0
29.8	-110.6	0.0
30.0	-110.6	0.0
30.2	-110.6	0.0
30.4	-110.6	0.0
30.6	-110.6	0.18
30.8	-110.6	1.94
31.0	-110.6	2.12
31.2	-110.6	1.07
31.4	-110.6	0.0
31.6	-110.6	0.0
31.8	-110.6	0.0
32.0	-110.6	0.0
32.2	-110.6	0.0
32.4	-110.6	0.0
32.6	-110.6	0.0
32.8	-110.6	0.0
33.0	-110.6	0.0
33.2	-110.6	0.0
33.4	-110.6	0.0
33.6	-110.6	0.0
33.8	-110.6	0.0
34.0	-110.6	0.0
34.2	-110.6	0.0
34.4	-110.6	0.0
34.6	-110.6	8.14
34.8	-110.6	59.83
35.0	-110.6	63.16
35.2	-110.6	39.36
35.4	-110.6	0.0
35.6	-110.6	0.0
35.8	-110.6	0.0
25.0	-110.4	0.0
25.2	-110.4	66.27
25.4	-110.4	40.9
25.6	-110.4	54.5
25.8	-110.4	96.89
26.0	-110.4	97.62
26.2	-110.4	86.52
26.4	-110.4	23.62
26.6	-110.4	23.58
26.8	-110.4	13.75
27.0	-110.4	13.64
27.2	-110.4	7.12
27.4	-110.4	0.02
27.6	-110.4	0.02
27.8	-110.4	0.01
28.0	-110.4	0.01
28.2	-110.4	0.0
28.4	-110.4	0.0
28.6	-110.4	0.0
28.8	-110.4	0.0
29.0	-110.4	0.0
29.2	-110.4	0.0
29.4	-110.4	0.0
29.6	-110.4	0.0
29.8	-110.4	0.0
30.0	-110.4	0.0
30.2	-110.4	0.0
30.4	-110.4	0.0
30.6	-110.4	0.0
30.8	-110.4	0.3
31.0	-110.4	0.3
31.2	-110.4	0.15
31.4	-110.4	0.0
31.6	-110.4	0.0
31.8	-110.4	0.0
32.0	-110.4	0.0
32.2	-110.4	0.0
32.4	-110.4	0.0
32.6	-110.4	0.0
32.8	-110.4	0.0
33.0	-110.4	0.0
33.2	-110.4	0.0
33.4	-110.4	0.0
33.6	-110.4	0.0
33.8	-110.4	0.0
34.0	-110.4	0.0
34.2	-110.4	0.0
34.4	-110.4	0.0
34.6	-110.4	0.04
34.8	-110.4	14.45
35.0	-110.4	14.59
35.2	-110.4	7.64
35.4	-110.4	0.0
35.6	-110.4	0.0
35.8	-110.4	0.0
25.0	-110.2	0.0
25.2	-110.2	70.33
25.4	-110.2	44.47
25.6	-110.2	57.27
25.8	-110.2	97.88
26.0	-110.2	98.38
26.2	-110.2	87.51
26.4	-110.2	3.05
26.6	-110.2	2.83
26.8	-110.2	0.26
27.0	-110.2	0.04
27.2	-110.2	0.03
27.4	-110.2	0.01
27.6	-110.2	0.01
27.8	-110.2	0.01
28.0	-110.2	0.0
28.2	-110.2	0.0
28.4	-110.2	0.0
28.6	-110.2	0.0
28.8	-110.2	0.0
29.0	-110.2	0.0
29.2	-110.2	0.0
29.4	-110.2	0.0
29.6	-110.2	0.0
29.8	-110.2	0.0
30.0	-110.2	0.0
30.2	-110.2	0.0
30.4	-110.2	0.0
30.6	-110.2	0.0
30.8	-110.2	0.0
31.0	-110.2	0.0
31.2	-110.2	0.0
31.4	-110.2	0.0
31.6	-110.2	0.0
31.8	-110.2	0.0
32.0	-110.2	0.0
32.2	-110.2	0.0
32.4	-110.2	0.0
32.6	-110.2	0.0
32.8	-110.2	0.0
33.0	-110.2	0.0
33.2	-110.2	0.0
33.4	-110.2	0.0
33.6	-110.2	0.0
33.8	-110.2	0.0
34.0	-110.2	0.0
34.2	-110.2	0.0
34.4	-110.2	0.0
34.6	-110.2	0.0
34.8	-110.2	0.0
35.0	-110.2	0.0
35.2	-110.2	0.0
35.4	-110.2	0.0
35.6	-110.2	0.0
35.8	-110.2	0.0
25.0	-110.0	0.0
25.2	-110.0	80.16
25.4	-110.0	33.13
25.6	-110.0	48.29
25.8	-110.0	97.3
26.0	-110.0	97.92
26.2	-110.0	87.52
26.4	-110.0	24.54
26.6	-110.0	22.99
26.8	-110.0	2.1
27.0	-110.0	0.03
27.2	-110.0	0.02
27.4	-110.0	0.01
27.6	-110.0	0.01
27.8	-110.0	0.0
28.0	-110.0	0.0
28.2	-110.0	0.0
28.4	-110.0	0.0
28.6	-110.0	0.0
28.8	-110.0	0.0
29.0	-110.0	0.0
29.2	-110.0	0.0
29.4	-110.0	0.0
29.6	-110.0	0.0
29.8	-110.0	0.0
30.0	-110.0	0.0
30.2	-110.0	0.0
30.4	-110.0	0.0
30.6	-110.0	0.0
30.8	-110.0	0.0
31.0	-110.0	0.0
31.2	-110.0	0.0
31.4	-110.0	0.0
31.6	-110.0	0.0
31.8	-110.0	0.0
32.0	-110.0	0.0
32.2	-110.0	0.0
32.4	-110.0	0.0
32.6	-110.0	0.0
32.8	-110.0	0.0
33.0	-110.0	0.0
33.2	-110.0	0.0
33.4	-110.0	0.0
33.6	-110.0	0.0
33.8	-110.0	0.0
34.0	-110.0	0.0
34.2	-110.0	0.0
34.4	-110.0	0.0
34.6	-110.0	0.0
34.8	-110.0	0.0
35.0	-110.0	0.0
35.2	-110.0	0.0
35.4	-110.0	0.0
35.6	-110.0	0.0
35.8	-110.0	0.0
25.0	-109.8	0.0
25.2	-109.8	86.74
25.4	-109.8	19.47
25.6	-109.8	37.42
25.8	-109.8	96.55
26.0	-109.8	97.33
26.2	-109.8	87.52
26.4	-109.8	41.28
26.6	-109.8	38.96
26.8	-109.8	3.9
27.0	-109.8	0.01
27.2	-109.8	0.01
27.4	-109.8	0.01
27.6	-109.8	0.01
27.8	-109.8	0.0
28.0	-109.8	0.0
28.2	-109.8	0.0
28.4	-109.8	0.0
28.6	-109.8	0.0
28.8	-109.8	0.0
29.0	-109.8	0.0
29.2	-109.8	0.0
29.4	-109.8	0.0
29.6	-109.8	0.0
29.8	-109.8	0.0
30.0	-109.8	0.0
30.2	-109.8	0.0
30.4	-109.8	0.0
30.6	-109.8	0.0
30.8	-109.8	0.0
31.0	-109.8	0.0
31.2	-109.8	0.0
31.4	-109.8	0.0
31.6	-109.8	0.0
31.8	-109.8	0.0
32.0	-109.8	0.0
32.2	-109.8	0.0
32.4	-109.8	0.0
32.6	-109.8	0.0
32.8	-109.8	0.0
33.0	-109.8	0.0
33.2	-109.8	0.0
33.4	-109.8	0.0
33.6	-109.8	0.0
33.8	-109.8	0.0
34.0	-109.8	0.0
34.2	-109.8	0.0
34.4	-109.8	0.0
34.6	-109.8	0.0
34.8	-109.8	0.0
35.0	-109.8	0.0
35.2	-109.8	0.0
35.4	-109.8	0.0
35.6	-109.8	0.0
35.8	-109.8	0.0
25.0	-109.6	0.0
25.2	-109.6	90.91
25.4	-109.6	46.93
25.6	-109.6	58.87
25.8	-109.6	94.92
26.0	-109.6	96.06
26.2	-109.6	84.37
26.4	-109.6	37.78
26.6	-109.6	35.3
26.8	-109.6	3.89
27.0	-109.6	0.01
27.2	-109.6	0.01
27.4	-109.6	0.01
27.6	-109.6	0.01
27.8	-109.6	0.0
28.0	-109.6	0.0
28.2	-109.6	0.0
28.4	-109.6	0.0
28.6	-109.6	0.0
28.8	-109.6	0.0
29.0	-109.6	0.0
29.2	-109.6	0.0
29.4	-109.6	0.0
29.6	-109.6	0.0
29.8	-109.6	0.0
30.0	-109.6	0.0
30.2	-109.6	0.0
30.4	-109.6	0.0
30.6	-109.6	0.01
30.8	-109.6	7.81
31.0	-109.6	7.87
31.2	-109.6	4.04
31.4	-109.6	0.0
31.6	-109.6	0.0
31.8	-109.6	0.0
32.0	-109.6	0.0
32.2	-109.6	0.0
32.4	-109.6	0.0
32.6	-109.6	0.04
32.8	-109.6	22.52
33.0	-109.6	22.7
33.2	-109.6	12.52
33.4	-109.6	0.81
33.6	-109.6	0.82
33.8	-109.6	0.0
34.0	-109.6	0.0
34.2	-109.6	0.0
34.4	-109.6	0.0
34.6	-109.6	0.0
34.8	-109.6	0.0
35.0	-109.6	0.0
35.2	-109.6	0.0
35.4	-109.6	0.0
35.6	-109.6	0.0
35.8	-109.6	0.0
25.0	-109.4	0.0
25.2	-109.4	99.46
25.4	-109.4	97.6
25.6	-109.4	96.75
25.8	-109.4	50.16
26.0	-109.4	32.33
26.2	-109.4	20.18
26.4	-109.4	5.64
26.6	-109.4	5.67
26.8	-109.4	0.01
27.0	-109.4	0.01
27.2	-109.4	0.01
27.4	-109.4	0.0
27.6	-109.4	0.0
27.8	-109.4	0.0
28.0	-109.4	0.0
28.2	-109.4	0.0
28.4	-109.4	0.0
28.6	-109.4	0.0
28.8	-109.4	0.0
29.0	-109.4	0.0
29.2	-109.4	0.0
29.4	-109.4	0.0
29.6	-109.4	0.0
29.8	-109.4	0.0
30.0	-109.4	0.0
30.2	-109.4	0.0
30.4	-109.4	0.0
30.6	-109.4	4.82
30.8	-109.4	41.55
31.0	-109.4	44.42
31.2	-109.4	25.47
31.4	-109.4	0.0
31.6	-109.4	0.0
31.8	-109.4	0.0
32.0	-109.4	0.0
32.2	-109.4	0.0
32.4	-109.4	0.0
32.6	-109.4	13.65
32.8	-109.4	79.53
33.0	-109.4	82.37
33.2	-109.4	59.19
33.4	-109.4	5.27
33.6	-109.4	4.84
33.8	-109.4	0.46
34.0	-109.4	0.0
34.2	-109.4	0.0
34.4	-109.4	0.0
34.6	-109.4	0.0
34.8	-109.4	0.0
35.0	-109.4	0.0
35.2	-109.4	0.0
35.4	-109.4	0.0
35.6	-109.4	0.0
35.8	-109.4	0.0
25.0	-109.2	0.0
25.2	-109.2	99.63
25.4	-109.2	98.42
25.6	-109.2	97.86
25.8	-109.2	26.56
26.0	-109.2	0.03
26.2	-109.2	0.02
26.4	-109.2	0.01
26.6	-109.2	0.01
26.8	-109.2	0.01
27.0	-109.2	0.01
27.2	-109.2	0.0
27.4	-109.2	0.0
27.6	-109.2	0.0
27.8	-109.2	0.0
28.0	-109.2	0.0
28.2	-109.2	0.0
28.4	-109.2	0.0
28.6	-109.2	0.0
28.8	-109.2	0.0
29.0	-109.2	0.0
29.2	-109.2	0.0
29.4	-109.2	0.0
29.6	-109.2	0.0
29.8	-109.2	0.0
30.0	-109.2	0.0
30.2	-109.2	0.0
30.4	-109.2	0.0
30.6	-109.2	4.82
30.8	-109.2	46.12
31.0	-109.2	48.79
31.2	-109.2	28.49
31.4	-109.2	0.0
31.6	-109.2	0.0
31.8	-109.2	0.0
32.0	-109.2	0.0
32.2	-109.2	0.0
32.4	-109.2	0.0
32.6	-109.2	13.68
32.8	-109.2	84.14
33.0	-109.2	86.38
33.2	-109.2	64.3
33.4	-109.2	6.04
33.6	-109.2	5.62
33.8	-109.2	0.46
34.0	-109.2	0.0
34.2	-109.2	0.0
34.4	-109.2	0.0
34.6	-109.2	0.0
34.8	-109.2	0.0
35.0	-109.2	0.0
35.2	-109.2	0.0
35.4	-109.2	0.0
35.6	-109.2	0.0
